timestamp,rx_bytes,tx_bytes,rx_rate_bps,tx_rate_bps
2025-04-08T17:33:12.583083,351331273,190539750,1985.0,2007.0
2025-04-08T17:33:13.584965,351331273,190539750,0.0,0.0
2025-04-08T17:33:14.586845,351331273,190539750,0.0,0.0
2025-04-08T17:33:15.588625,351333216,190541757,1943.0,2007.0
2025-04-08T17:33:16.590882,351333216,190541757,0.0,0.0
2025-04-08T17:33:17.592883,351343363,190545264,10147.0,3507.0
2025-04-08T17:33:18.594693,351345239,190547180,1876.0,1916.0
2025-04-08T17:33:19.596505,351345239,190547180,0.0,0.0
2025-04-08T17:33:20.598251,351345490,190547180,251.0,0.0
2025-04-08T17:33:21.599988,351347617,190549096,2127.0,1916.0
2025-04-08T17:33:22.601679,351347906,190549359,289.0,263.0
2025-04-08T17:33:23.602393,351348025,190549359,119.0,0.0
2025-04-08T17:33:24.604599,351349901,190551275,1876.0,1916.0
2025-04-08T17:33:25.606136,351349901,190551275,0.0,0.0
2025-04-08T17:33:26.607534,351349901,190551275,0.0,0.0
2025-04-08T17:33:27.609881,351351133,190553191,1232.0,1916.0
2025-04-08T17:33:28.612276,351352115,190553592,982.0,401.0
2025-04-08T17:33:29.614286,351352318,190553865,203.0,273.0
2025-04-08T17:33:30.615538,351354489,190556164,2171.0,2299.0
2025-04-08T17:33:31.617678,351354489,190556255,0.0,91.0
2025-04-08T17:33:32.620153,351354694,190556432,205.0,177.0
2025-04-08T17:33:33.622180,351356248,190558348,1554.0,1916.0
2025-04-08T17:33:34.623689,351356640,190558439,392.0,91.0
2025-04-08T17:33:35.625638,351356640,190558439,0.0,0.0
2025-04-08T17:33:36.626374,351358194,190560355,1554.0,1916.0
2025-04-08T17:33:37.627622,351358516,190560355,322.0,0.0
2025-04-08T17:33:38.628444,351358516,190560537,0.0,182.0
2025-04-08T17:33:39.629370,351360534,190562453,2018.0,1916.0
2025-04-08T17:33:40.630566,351360666,190562625,132.0,172.0
2025-04-08T17:33:41.631468,351360666,190562625,0.0,0.0
2025-04-08T17:33:42.633428,351362701,190564658,2035.0,2033.0
2025-04-08T17:33:43.635271,351362820,190564658,119.0,0.0
2025-04-08T17:33:44.637230,351362820,190564893,0.0,235.0
2025-04-08T17:33:45.638461,351364374,190567135,1554.0,2242.0
2025-04-08T17:33:46.639443,351364768,190567461,394.0,326.0
2025-04-08T17:33:47.641283,351364842,190567696,74.0,235.0
2025-04-08T17:33:48.643127,351366074,190569612,1232.0,1916.0
2025-04-08T17:33:49.644522,351366958,190569894,884.0,282.0
2025-04-08T17:33:50.645612,351367159,190570076,201.0,182.0
2025-04-08T17:33:51.646463,351369102,190572174,1943.0,2098.0
2025-04-08T17:33:52.648452,351369731,190581538,629.0,9364.0
2025-04-08T17:33:53.649515,351387180,190590063,17449.0,8525.0
2025-04-08T17:33:54.651428,351389959,190592261,2779.0,2198.0
2025-04-08T17:33:55.652396,351390227,190592444,268.0,183.0
2025-04-08T17:33:56.654275,351390563,190592444,336.0,0.0
2025-04-08T17:33:57.656006,351393587,190594451,3024.0,2007.0
2025-04-08T17:33:58.657696,351393977,190594451,390.0,0.0
2025-04-08T17:33:59.659500,351393977,190594451,0.0,0.0
2025-04-08T17:34:00.660388,351395895,190596429,1918.0,1978.0
2025-04-08T17:34:01.662191,351395963,190596520,68.0,91.0
2025-04-08T17:34:02.664049,351395963,190596520,0.0,0.0
2025-04-08T17:34:03.665569,351397636,190598436,1673.0,1916.0
2025-04-08T17:34:04.667526,351397958,190598436,322.0,0.0
2025-04-08T17:34:05.669437,351397958,190598436,0.0,0.0
2025-04-08T17:34:06.671420,351406287,190600352,8329.0,1916.0
2025-04-08T17:34:07.672548,351406446,190600469,159.0,117.0
2025-04-08T17:34:08.673665,351406514,190600560,68.0,91.0
2025-04-08T17:34:09.675597,351408510,190602662,1996.0,2102.0
2025-04-08T17:34:10.676536,351408510,190602753,0.0,91.0
2025-04-08T17:34:11.677403,351408896,190602753,386.0,0.0
2025-04-08T17:34:12.678634,351411227,190604942,2331.0,2189.0
2025-04-08T17:34:13.679513,351411434,190605215,207.0,273.0
2025-04-08T17:34:14.680682,351411503,190605306,69.0,91.0
2025-04-08T17:34:15.682656,351413379,190607222,1876.0,1916.0
2025-04-08T17:34:16.684476,351413379,190607313,0.0,91.0
2025-04-08T17:34:17.685506,351422953,190611296,9574.0,3983.0
2025-04-08T17:34:18.686605,351426121,190614696,3168.0,3400.0
2025-04-08T17:34:19.687483,351426476,190614887,355.0,191.0
2025-04-08T17:34:20.689342,351426545,190614978,69.0,91.0
2025-04-08T17:34:21.690595,351428487,190616980,1942.0,2002.0
2025-04-08T17:34:22.691518,351428709,190617152,222.0,172.0
2025-04-08T17:34:23.693475,351428828,190617152,119.0,0.0
2025-04-08T17:34:24.694673,351430704,190619068,1876.0,1916.0
2025-04-08T17:34:25.696531,351430772,190619532,68.0,464.0
2025-04-08T17:34:26.697535,351430772,190619623,0.0,91.0
2025-04-08T17:34:27.698451,351432849,190621539,2077.0,1916.0
2025-04-08T17:34:28.699406,351432849,190621539,0.0,0.0
2025-04-08T17:34:29.700383,351432969,190621725,120.0,186.0
2025-04-08T17:34:30.701401,351435093,190623943,2124.0,2218.0
2025-04-08T17:34:31.703484,351435549,190624125,456.0,182.0
2025-04-08T17:34:32.704670,351435777,190624333,228.0,208.0
2025-04-08T17:34:33.706488,351437465,190626431,1688.0,2098.0
2025-04-08T17:34:34.707500,351437967,190626584,502.0,153.0
2025-04-08T17:34:35.708497,351438037,190626675,70.0,91.0
2025-04-08T17:34:36.709556,351439269,190628591,1232.0,1916.0
2025-04-08T17:34:37.710515,351439269,190628682,0.0,91.0
2025-04-08T17:34:38.711614,351440049,190628768,780.0,86.0
2025-04-08T17:34:39.712516,351441925,190630684,1876.0,1916.0
2025-04-08T17:34:40.713817,351441925,190630684,0.0,0.0
2025-04-08T17:34:41.715681,351441925,190630775,0.0,91.0
2025-04-08T17:34:42.717599,351444231,190632782,2306.0,2007.0
2025-04-08T17:34:43.718455,351445279,190632782,1048.0,0.0
2025-04-08T17:34:44.719464,351445722,190632782,443.0,0.0
2025-04-08T17:34:45.721181,351446954,190634698,1232.0,1916.0
2025-04-08T17:34:46.722367,351447397,190634698,443.0,0.0
2025-04-08T17:34:47.723670,351450446,190640505,3049.0,5807.0
2025-04-08T17:34:48.726144,351508056,190643570,57610.0,3065.0
2025-04-08T17:34:49.727472,351515803,190651393,7747.0,7823.0
2025-04-08T17:34:50.728463,351516613,190651761,810.0,368.0
2025-04-08T17:34:51.729574,351518798,190653950,2185.0,2189.0
2025-04-08T17:34:52.730467,351518932,190654132,134.0,182.0
2025-04-08T17:34:53.731494,351518986,190654132,54.0,0.0
2025-04-08T17:34:54.732641,351527785,190663327,8799.0,9195.0
2025-04-08T17:34:55.734523,351528253,190663785,468.0,458.0
2025-04-08T17:34:56.735491,351528299,190663785,46.0,0.0
2025-04-08T17:34:57.736612,351530790,190666311,2491.0,2526.0
2025-04-08T17:34:58.737693,351531513,190666519,723.0,208.0
2025-04-08T17:34:59.739377,351531513,190666519,0.0,0.0
2025-04-08T17:35:00.740377,351533389,190668435,1876.0,1916.0
2025-04-08T17:35:01.741399,351533640,190668435,251.0,0.0
2025-04-08T17:35:02.742399,351533640,190668435,0.0,0.0
2025-04-08T17:35:03.743376,351535886,190670351,2246.0,1916.0
2025-04-08T17:35:04.744617,351535928,190670442,42.0,91.0
2025-04-08T17:35:05.745457,351535995,190670442,67.0,0.0
2025-04-08T17:35:06.746494,351537979,190672444,1984.0,2002.0
2025-04-08T17:35:07.747475,351537979,190672444,0.0,0.0
2025-04-08T17:35:08.748472,351537979,190672444,0.0,0.0
2025-04-08T17:35:09.749612,351541299,190675804,3320.0,3360.0
2025-04-08T17:35:10.750635,351541341,190675866,42.0,62.0
2025-04-08T17:35:11.751633,351550780,190686083,9439.0,10217.0
