timestamp,rx_bytes,tx_bytes,rx_rate_bps,tx_rate_bps
2025-04-09T00:42:57.715426,462357561,253182399,3738.0,3798.0
2025-04-09T00:42:58.717436,462357561,253182399,0.0,0.0
2025-04-09T00:42:59.719325,462357561,253182399,0.0,0.0
2025-04-09T00:43:00.721693,462361555,253186565,3994.0,4166.0
2025-04-09T00:43:01.723875,462361903,253187020,348.0,455.0
2025-04-09T00:43:02.725725,462362045,253187111,142.0,91.0
2025-04-09T00:43:03.727509,462365854,253191000,3809.0,3889.0
2025-04-09T00:43:04.728497,462365925,253191091,71.0,91.0
2025-04-09T00:43:05.729508,462365925,253191091,0.0,0.0
2025-04-09T00:43:06.730624,462377287,253202629,11362.0,11538.0
2025-04-09T00:43:07.731507,462377446,253202746,159.0,117.0
2025-04-09T00:43:08.732502,462377517,253202837,71.0,91.0
2025-04-09T00:43:09.733488,462381255,253206635,3738.0,3798.0
2025-04-09T00:43:10.735282,462381255,253206635,0.0,0.0
2025-04-09T00:43:11.737380,462381255,253206635,0.0,0.0
2025-04-09T00:43:12.738552,462384993,253210433,3738.0,3798.0
2025-04-09T00:43:13.739648,462384993,253210433,0.0,0.0
2025-04-09T00:43:14.741658,462385064,253210524,71.0,91.0
2025-04-09T00:43:15.743374,462388802,253214322,3738.0,3798.0
2025-04-09T00:43:16.744394,462388802,253214322,0.0,0.0
2025-04-09T00:43:17.745443,462398821,253217810,10019.0,3488.0
2025-04-09T00:43:18.747247,462402559,253221608,3738.0,3798.0
2025-04-09T00:43:19.749060,462402559,253221608,0.0,0.0
2025-04-09T00:43:20.750902,462402559,253221608,0.0,0.0
2025-04-09T00:43:21.752464,462406686,253225865,4127.0,4257.0
2025-04-09T00:43:22.754284,462407109,253226310,423.0,445.0
2025-04-09T00:43:23.755451,462407176,253226401,67.0,91.0
2025-04-09T00:43:24.756604,462410914,253230371,3738.0,3970.0
2025-04-09T00:43:25.758414,462411113,253230462,199.0,91.0
2025-04-09T00:43:26.760249,462411155,253230524,42.0,62.0
2025-04-09T00:43:27.762192,462414893,253234322,3738.0,3798.0
2025-04-09T00:43:28.763477,462414960,253234499,67.0,177.0
2025-04-09T00:43:29.765319,462415026,253234499,66.0,0.0
2025-04-09T00:43:30.767313,462418764,253238297,3738.0,3798.0
2025-04-09T00:43:31.769174,462418764,253238297,0.0,0.0
2025-04-09T00:43:32.771013,462418764,253238297,0.0,0.0
2025-04-09T00:43:33.772995,462422754,253242310,3990.0,4013.0
2025-04-09T00:43:34.775014,462422754,253242310,0.0,0.0
2025-04-09T00:43:35.776508,462422822,253242492,68.0,182.0
2025-04-09T00:43:36.778392,462426560,253246290,3738.0,3798.0
2025-04-09T00:43:37.780421,462426560,253246290,0.0,0.0
2025-04-09T00:43:38.782570,462426560,253246290,0.0,0.0
2025-04-09T00:43:39.784658,462430298,253250088,3738.0,3798.0
2025-04-09T00:43:40.786707,462430298,253250088,0.0,0.0
2025-04-09T00:43:41.788518,462430486,253250274,188.0,186.0
2025-04-09T00:43:42.789510,462434492,253254436,4006.0,4162.0
2025-04-09T00:43:43.790660,462434626,253254618,134.0,182.0
2025-04-09T00:43:44.792501,462434693,253254944,67.0,326.0
2025-04-09T00:43:45.794293,462438431,253259068,3738.0,4124.0
2025-04-09T00:43:46.796160,462438498,253259303,67.0,235.0
2025-04-09T00:43:47.798260,462438498,253259538,0.0,235.0
2025-04-09T00:43:48.799896,462442236,253263336,3738.0,3798.0
2025-04-09T00:43:49.801878,462442303,253263427,67.0,91.0
2025-04-09T00:43:50.803551,462442303,253263427,0.0,0.0
2025-04-09T00:43:51.805088,462446041,253267225,3738.0,3798.0
2025-04-09T00:43:52.806524,462452886,253274163,6845.0,6938.0
2025-04-09T00:43:53.807228,462461143,253282521,8257.0,8358.0
2025-04-09T00:43:54.808290,462464881,253286319,3738.0,3798.0
2025-04-09T00:43:55.809253,462475923,253296370,11042.0,10051.0
2025-04-09T00:43:56.810909,462475923,253296370,0.0,0.0
2025-04-09T00:43:57.812608,462479661,253300168,3738.0,3798.0
2025-04-09T00:43:58.813563,462479820,253300285,159.0,117.0
2025-04-09T00:43:59.814657,462479874,253300285,54.0,0.0
2025-04-09T00:44:00.815713,462483712,253304083,3838.0,3798.0
2025-04-09T00:44:01.817529,462483712,253304083,0.0,0.0
2025-04-09T00:44:02.818451,462491246,253312210,7534.0,8127.0
2025-04-09T00:44:03.819695,462495455,253316471,4209.0,4261.0
2025-04-09T00:44:04.821570,462495702,253316744,247.0,273.0
2025-04-09T00:44:05.823017,462503803,253316926,8101.0,182.0
2025-04-09T00:44:06.824523,462509103,253320724,5300.0,3798.0
2025-04-09T00:44:07.825494,462509170,253320815,67.0,91.0
2025-04-09T00:44:08.826470,462509212,253320815,42.0,0.0
2025-04-09T00:44:09.828299,462512950,253324613,3738.0,3798.0
2025-04-09T00:44:10.829455,462513150,253324967,200.0,354.0
2025-04-09T00:44:11.831251,462513150,253324967,0.0,0.0
2025-04-09T00:44:12.832418,462516566,253328765,3416.0,3798.0
2025-04-09T00:44:13.833475,462516930,253328851,364.0,86.0
2025-04-09T00:44:14.834608,462517038,253328851,108.0,0.0
2025-04-09T00:44:15.836338,462520818,253332711,3780.0,3860.0
2025-04-09T00:44:16.838064,462520818,253332711,0.0,0.0
2025-04-09T00:44:17.839466,462537011,253340986,16193.0,8275.0
2025-04-09T00:44:18.840399,462540815,253344784,3804.0,3798.0
2025-04-09T00:44:19.841470,462540815,253344784,0.0,0.0
2025-04-09T00:44:20.842668,462540815,253344784,0.0,0.0
2025-04-09T00:44:21.844393,462544553,253348582,3738.0,3798.0
2025-04-09T00:44:22.845373,462544775,253348754,222.0,172.0
2025-04-09T00:44:23.847322,462545188,253349148,413.0,394.0
2025-04-09T00:44:24.848408,462549194,253353310,4006.0,4162.0
2025-04-09T00:44:25.850131,462549261,253353492,67.0,182.0
2025-04-09T00:44:26.851929,462549328,253353492,67.0,0.0
2025-04-09T00:44:27.853706,462553133,253357381,3805.0,3889.0
2025-04-09T00:44:28.855390,462553133,253357381,0.0,0.0
2025-04-09T00:44:29.856527,462553133,253357501,0.0,120.0
2025-04-09T00:44:30.857388,462557374,253361390,4241.0,3889.0
2025-04-09T00:44:31.860001,462557374,253364014,0.0,2624.0
2025-04-09T00:44:32.861493,462563877,253368282,6503.0,4268.0
2025-04-09T00:44:33.862455,462567615,253372080,3738.0,3798.0
2025-04-09T00:44:34.863476,462567615,253372080,0.0,0.0
2025-04-09T00:44:35.864471,462567615,253372080,0.0,0.0
2025-04-09T00:44:36.865801,462571353,253375878,3738.0,3798.0
2025-04-09T00:44:37.867449,462571499,253375969,146.0,91.0
2025-04-09T00:44:38.868443,462571578,253375969,79.0,0.0
2025-04-09T00:44:39.869446,462575395,253379767,3817.0,3798.0
2025-04-09T00:44:40.870381,462575503,253379767,108.0,0.0
2025-04-09T00:44:41.871477,462575503,253379767,0.0,0.0
2025-04-09T00:44:42.872457,462579241,253383565,3738.0,3798.0
2025-04-09T00:44:43.873374,462579429,253383751,188.0,186.0
2025-04-09T00:44:44.874450,462579875,253384206,446.0,455.0
2025-04-09T00:44:45.875369,462583751,253388277,3876.0,4071.0
2025-04-09T00:44:46.876378,462583821,253388368,70.0,91.0
2025-04-09T00:44:47.878196,462595270,253398721,11449.0,10353.0
2025-04-09T00:44:48.879485,462599237,253402727,3967.0,4006.0
2025-04-09T00:44:49.880694,462599237,253402727,0.0,0.0
2025-04-09T00:44:50.882564,462610639,253412395,11402.0,9668.0
2025-04-09T00:44:51.884301,462614645,253416557,4006.0,4162.0
2025-04-09T00:44:52.885386,462614712,253416648,67.0,91.0
2025-04-09T00:44:53.886495,462614779,253416739,67.0,91.0
2025-04-09T00:44:54.887634,462621256,253423300,6477.0,6561.0
2025-04-09T00:44:55.888449,462621256,253423300,0.0,0.0
2025-04-09T00:44:56.889450,462621256,253423300,0.0,0.0
