timestamp,rx_bytes,tx_bytes,rx_rate_bps,tx_rate_bps
2025-03-26T04:10:32.882612,1057086624,436562509,1876.0,1916.0
2025-03-26T04:10:33.884757,1057086624,436562509,0.0,0.0
2025-03-26T04:10:34.886354,1057086888,436562743,264.0,234.0
2025-03-26T04:10:35.888249,1057088764,436564659,1876.0,1916.0
2025-03-26T04:10:36.889424,1057088764,436564659,0.0,0.0
2025-03-26T04:10:37.890407,1057088764,436564659,0.0,0.0
2025-03-26T04:10:38.891414,1057090640,436566575,1876.0,1916.0
2025-03-26T04:10:39.892551,1057090640,436566575,0.0,0.0
2025-03-26T04:10:40.893377,1057090640,436566575,0.0,0.0
2025-03-26T04:10:41.894426,1057092516,436568491,1876.0,1916.0
2025-03-26T04:10:42.895413,1057092516,436568491,0.0,0.0
2025-03-26T04:10:43.896604,1057092516,436568491,0.0,0.0
2025-03-26T04:10:44.898405,1057094392,436570407,1876.0,1916.0
2025-03-26T04:10:45.899422,1057094392,436570407,0.0,0.0
2025-03-26T04:10:46.900432,1057094392,436570407,0.0,0.0
2025-03-26T04:10:47.901434,1057096268,436572323,1876.0,1916.0
2025-03-26T04:10:48.903285,1057096268,436572323,0.0,0.0
2025-03-26T04:10:49.905423,1057096268,436572323,0.0,0.0
2025-03-26T04:10:50.907593,1057098144,436574239,1876.0,1916.0
2025-03-26T04:10:51.909865,1057098144,436574239,0.0,0.0
2025-03-26T04:10:52.912082,1057098144,436574239,0.0,0.0
2025-03-26T04:10:53.914301,1057100020,436576155,1876.0,1916.0
2025-03-26T04:10:54.916467,1057100020,436576155,0.0,0.0
2025-03-26T04:10:55.918621,1057100020,436576155,0.0,0.0
2025-03-26T04:10:56.920899,1057101896,436578071,1876.0,1916.0
2025-03-26T04:10:57.923214,1057101896,436578071,0.0,0.0
2025-03-26T04:10:58.925356,1057101896,436578071,0.0,0.0
2025-03-26T04:10:59.927479,1057103772,436579987,1876.0,1916.0
2025-03-26T04:11:00.929600,1057103772,436579987,0.0,0.0
2025-03-26T04:11:01.931578,1057103772,436579987,0.0,0.0
2025-03-26T04:11:02.933448,1057105648,436581903,1876.0,1916.0
2025-03-26T04:11:03.935870,1057105648,436581903,0.0,0.0
2025-03-26T04:11:04.937432,1057105648,436581903,0.0,0.0
2025-03-26T04:11:05.938497,1057107524,436583819,1876.0,1916.0
2025-03-26T04:11:06.939475,1057107524,436583819,0.0,0.0
2025-03-26T04:11:07.940528,1057107524,436583819,0.0,0.0
2025-03-26T04:11:08.942361,1057109400,436585735,1876.0,1916.0
2025-03-26T04:11:09.943569,1057109400,436585735,0.0,0.0
2025-03-26T04:11:10.945446,1057109400,436585735,0.0,0.0
2025-03-26T04:11:11.946761,1057111276,436587651,1876.0,1916.0
2025-03-26T04:11:12.948558,1057111276,436587651,0.0,0.0
2025-03-26T04:11:13.949589,1057111619,436587651,343.0,0.0
2025-03-26T04:11:14.951597,1057118225,436589567,6606.0,1916.0
2025-03-26T04:11:15.953598,1057118225,436589567,0.0,0.0
2025-03-26T04:11:16.955476,1057118225,436589567,0.0,0.0
2025-03-26T04:11:17.956617,1057120720,436591483,2495.0,1916.0
2025-03-26T04:11:18.958517,1057120720,436591483,0.0,0.0
2025-03-26T04:11:19.960830,1057120720,436591483,0.0,0.0
2025-03-26T04:11:20.962996,1057122596,436593399,1876.0,1916.0
2025-03-26T04:11:21.964747,1057122596,436593399,0.0,0.0
2025-03-26T04:11:22.966634,1057122596,436593399,0.0,0.0
2025-03-26T04:11:23.968506,1057124472,436595315,1876.0,1916.0
2025-03-26T04:11:24.969457,1057124472,436595315,0.0,0.0
2025-03-26T04:11:25.970626,1057124472,436595315,0.0,0.0
2025-03-26T04:11:26.972840,1057126348,436597231,1876.0,1916.0
2025-03-26T04:11:27.975029,1057126390,436597231,42.0,0.0
2025-03-26T04:11:28.977230,1057126432,436597231,42.0,0.0
2025-03-26T04:11:29.978484,1057136889,436602517,10457.0,5286.0
2025-03-26T04:11:30.979460,1057136931,436602517,42.0,0.0
2025-03-26T04:11:31.980595,1057136981,436602517,50.0,0.0
2025-03-26T04:11:32.982412,1057138903,436604433,1922.0,1916.0
2025-03-26T04:11:33.983389,1057138949,436604433,46.0,0.0
2025-03-26T04:11:34.985227,1057139363,436604729,414.0,296.0
2025-03-26T04:11:35.987042,1057141239,436606645,1876.0,1916.0
2025-03-26T04:11:36.988386,1057141285,436606645,46.0,0.0
2025-03-26T04:11:37.990378,1057141285,436606727,0.0,82.0
2025-03-26T04:11:38.992399,1057143215,436608643,1930.0,1916.0
2025-03-26T04:11:39.993324,1057143215,436608643,0.0,0.0
2025-03-26T04:11:40.995135,1057143215,436608643,0.0,0.0
2025-03-26T04:11:41.996962,1057145091,436610559,1876.0,1916.0
2025-03-26T04:11:42.998406,1057145091,436610559,0.0,0.0
2025-03-26T04:11:44.000422,1057145091,436610559,0.0,0.0
2025-03-26T04:11:45.002189,1057146967,436612475,1876.0,1916.0
2025-03-26T04:11:46.004015,1057146967,436612475,0.0,0.0
2025-03-26T04:11:47.005860,1057146967,436612475,0.0,0.0
2025-03-26T04:11:48.007625,1057148843,436614391,1876.0,1916.0
2025-03-26T04:11:49.009423,1057148843,436614391,0.0,0.0
2025-03-26T04:11:50.011416,1057148843,436614391,0.0,0.0
2025-03-26T04:11:51.013263,1057150719,436616307,1876.0,1916.0
2025-03-26T04:11:52.015091,1057150719,436616307,0.0,0.0
2025-03-26T04:11:53.016930,1057150719,436616307,0.0,0.0
2025-03-26T04:11:54.018412,1057152595,436618223,1876.0,1916.0
2025-03-26T04:11:55.019593,1057152595,436618223,0.0,0.0
2025-03-26T04:11:56.021430,1057152595,436618223,0.0,0.0
2025-03-26T04:11:57.022362,1057154471,436620139,1876.0,1916.0
2025-03-26T04:11:58.023434,1057154471,436620139,0.0,0.0
2025-03-26T04:11:59.024435,1057154471,436620139,0.0,0.0
2025-03-26T04:12:00.025538,1057156347,436622055,1876.0,1916.0
2025-03-26T04:12:01.026375,1057156347,436622055,0.0,0.0
2025-03-26T04:12:02.028335,1057156347,436622055,0.0,0.0
2025-03-26T04:12:03.030453,1057158223,436623971,1876.0,1916.0
2025-03-26T04:12:04.032747,1057158223,436623971,0.0,0.0
2025-03-26T04:12:05.034970,1057158223,436623971,0.0,0.0
2025-03-26T04:12:06.036833,1057161074,436625887,2851.0,1916.0
2025-03-26T04:12:07.038747,1057165623,436625887,4549.0,0.0
2025-03-26T04:12:08.040586,1057165623,436625887,0.0,0.0
2025-03-26T04:12:09.041573,1057167499,436627803,1876.0,1916.0
2025-03-26T04:12:10.043550,1057167499,436627803,0.0,0.0
2025-03-26T04:12:11.045625,1057167499,436627803,0.0,0.0
2025-03-26T04:12:12.047838,1057169375,436629719,1876.0,1916.0
2025-03-26T04:12:13.050054,1057169375,436629719,0.0,0.0
2025-03-26T04:12:14.052245,1057169375,436629719,0.0,0.0
2025-03-26T04:12:15.054413,1057171251,436631635,1876.0,1916.0
2025-03-26T04:12:16.056577,1057171251,436631635,0.0,0.0
2025-03-26T04:12:17.058927,1057171251,436631635,0.0,0.0
2025-03-26T04:12:18.061450,1057173127,436633551,1876.0,1916.0
2025-03-26T04:12:19.063456,1057173127,436633551,0.0,0.0
2025-03-26T04:12:20.064579,1057173127,436633551,0.0,0.0
2025-03-26T04:12:21.065443,1057175003,436635467,1876.0,1916.0
2025-03-26T04:12:22.066563,1057175003,436635467,0.0,0.0
2025-03-26T04:12:23.068574,1057175003,436635467,0.0,0.0
2025-03-26T04:12:24.070926,1057176879,436637383,1876.0,1916.0
2025-03-26T04:12:25.073206,1057176879,436637383,0.0,0.0
2025-03-26T04:12:26.075486,1057176879,436637383,0.0,0.0
2025-03-26T04:12:27.077821,1057178755,436639299,1876.0,1916.0
2025-03-26T04:12:28.080034,1057178755,436639299,0.0,0.0
2025-03-26T04:12:29.081442,1057181445,436642009,2690.0,2710.0
2025-03-26T04:12:30.082420,1057190095,436645498,8650.0,3489.0
2025-03-26T04:12:31.083455,1057190095,436645498,0.0,0.0
2025-03-26T04:12:32.084398,1057190095,436645498,0.0,0.0
