timestamp,rx_bytes,tx_bytes,rx_rate_bps,tx_rate_bps
2025-03-23T20:45:43.870593,463617588,210300722,2013.0,1916.0
2025-03-23T20:45:44.872467,463617588,210300722,0.0,0.0
2025-03-23T20:45:45.873387,463617732,210300722,144.0,0.0
2025-03-23T20:45:46.874298,463619727,210302638,1995.0,1916.0
2025-03-23T20:45:47.875291,463619829,210302638,102.0,0.0
2025-03-23T20:45:48.876997,463620063,210302638,234.0,0.0
2025-03-23T20:45:49.878657,463622076,210304554,2013.0,1916.0
2025-03-23T20:45:50.880636,463622076,210304554,0.0,0.0
2025-03-23T20:45:51.882497,463622136,210304554,60.0,0.0
2025-03-23T20:45:52.884836,463624089,210306470,1953.0,1916.0
2025-03-23T20:45:53.887043,463624149,210306470,60.0,0.0
2025-03-23T20:45:54.888587,463624149,210306470,0.0,0.0
2025-03-23T20:45:55.890560,463626162,210308386,2013.0,1916.0
2025-03-23T20:45:56.892935,463626162,210308386,0.0,0.0
2025-03-23T20:45:57.895136,463626222,210308386,60.0,0.0
2025-03-23T20:45:58.897324,463628217,210310302,1995.0,1916.0
2025-03-23T20:45:59.898597,463635359,210313586,7142.0,3284.0
2025-03-23T20:46:00.900422,463636978,210314702,1619.0,1116.0
2025-03-23T20:46:01.902387,463641291,210316618,4313.0,1916.0
2025-03-23T20:46:02.904555,463644854,210316618,3563.0,0.0
2025-03-23T20:46:03.905232,463645167,210316618,313.0,0.0
2025-03-23T20:46:04.907125,463647085,210318596,1918.0,1978.0
2025-03-23T20:46:05.908887,463655099,210318768,8014.0,172.0
2025-03-23T20:46:06.910754,463657703,210318768,2604.0,0.0
2025-03-23T20:46:07.912502,463659621,210320684,1918.0,1916.0
2025-03-23T20:46:08.913588,463659663,210320684,42.0,0.0
2025-03-23T20:46:09.915602,463659705,210320684,42.0,0.0
2025-03-23T20:46:10.917387,463661623,210322600,1918.0,1916.0
2025-03-23T20:46:11.918724,463661623,210322600,0.0,0.0
2025-03-23T20:46:12.920437,463661623,210322600,0.0,0.0
2025-03-23T20:46:13.921343,463663499,210324516,1876.0,1916.0
2025-03-23T20:46:14.922441,463663541,210324516,42.0,0.0
2025-03-23T20:46:15.923447,463663583,210324516,42.0,0.0
2025-03-23T20:46:16.924581,463665501,210326432,1918.0,1916.0
2025-03-23T20:46:17.926727,463665501,210326432,0.0,0.0
2025-03-23T20:46:18.928436,463665501,210326432,0.0,0.0
2025-03-23T20:46:19.929425,463667377,210328348,1876.0,1916.0
2025-03-23T20:46:20.930588,463667377,210328348,0.0,0.0
2025-03-23T20:46:21.932411,463667377,210328348,0.0,0.0
2025-03-23T20:46:22.934126,463669295,210330264,1918.0,1916.0
2025-03-23T20:46:23.935278,463669337,210330264,42.0,0.0
2025-03-23T20:46:24.937018,463669379,210330264,42.0,0.0
2025-03-23T20:46:25.938722,463671255,210332180,1876.0,1916.0
2025-03-23T20:46:26.940468,463671255,210332180,0.0,0.0
2025-03-23T20:46:27.941783,463671305,210332180,50.0,0.0
2025-03-23T20:46:28.943416,463673181,210334096,1876.0,1916.0
2025-03-23T20:46:29.945571,463673181,210334096,0.0,0.0
2025-03-23T20:46:30.947769,463673181,210334096,0.0,0.0
2025-03-23T20:46:31.949960,463675057,210336012,1876.0,1916.0
2025-03-23T20:46:32.951847,463675057,210336012,0.0,0.0
2025-03-23T20:46:33.953583,463675111,210336012,54.0,0.0
2025-03-23T20:46:34.955849,463677644,210337928,2533.0,1916.0
2025-03-23T20:46:35.957735,463677957,210337928,313.0,0.0
2025-03-23T20:46:36.959534,463677999,210338010,42.0,82.0
2025-03-23T20:46:37.960614,463680207,210339926,2208.0,1916.0
2025-03-23T20:46:38.962382,463680249,210339926,42.0,0.0
2025-03-23T20:46:39.963382,463680291,210339926,42.0,0.0
2025-03-23T20:46:40.965446,463681887,210341842,1596.0,1916.0
2025-03-23T20:46:41.967190,463681929,210341842,42.0,0.0
2025-03-23T20:46:42.968934,463681971,210341842,42.0,0.0
2025-03-23T20:46:43.970818,463684169,210343758,2198.0,1916.0
2025-03-23T20:46:44.972479,463684169,210343758,0.0,0.0
2025-03-23T20:46:45.974203,463684169,210343758,0.0,0.0
2025-03-23T20:46:46.975427,463686045,210345674,1876.0,1916.0
2025-03-23T20:46:47.977437,463686045,210345674,0.0,0.0
2025-03-23T20:46:48.979257,463686045,210345674,0.0,0.0
2025-03-23T20:46:49.981412,463687921,210347590,1876.0,1916.0
2025-03-23T20:46:50.983564,463687921,210347590,0.0,0.0
2025-03-23T20:46:51.985347,463687921,210347590,0.0,0.0
2025-03-23T20:46:52.986616,463689797,210349506,1876.0,1916.0
2025-03-23T20:46:53.988930,463689797,210349506,0.0,0.0
2025-03-23T20:46:54.990565,463689797,210349506,0.0,0.0
2025-03-23T20:46:55.992381,463691673,210351422,1876.0,1916.0
2025-03-23T20:46:56.993545,463691715,210351422,42.0,0.0
2025-03-23T20:46:57.994701,463691715,210351422,0.0,0.0
2025-03-23T20:46:58.996529,463693591,210353338,1876.0,1916.0
2025-03-23T20:46:59.998633,463702527,210356287,8936.0,2949.0
2025-03-23T20:47:01.000347,463702527,210356287,0.0,0.0
2025-03-23T20:47:02.001323,463704403,210358203,1876.0,1916.0
2025-03-23T20:47:03.003034,463704403,210358203,0.0,0.0
2025-03-23T20:47:04.004759,463704403,210358203,0.0,0.0
2025-03-23T20:47:05.006429,463706477,210360451,2074.0,2248.0
2025-03-23T20:47:06.008227,463706543,210360451,66.0,0.0
2025-03-23T20:47:07.009421,463707146,210360451,603.0,0.0
2025-03-23T20:47:08.010402,463709447,210362367,2301.0,1916.0
2025-03-23T20:47:09.012583,463709489,210362367,42.0,0.0
2025-03-23T20:47:10.014451,463709489,210362367,0.0,0.0
2025-03-23T20:47:11.016540,463711375,210364283,1886.0,1916.0
2025-03-23T20:47:12.018429,463711417,210364283,42.0,0.0
2025-03-23T20:47:13.020332,463711459,210364283,42.0,0.0
2025-03-23T20:47:14.021558,463713657,210366199,2198.0,1916.0
2025-03-23T20:47:15.023738,463713657,210366199,0.0,0.0
2025-03-23T20:47:16.025931,463713657,210366199,0.0,0.0
2025-03-23T20:47:17.027756,463715533,210368115,1876.0,1916.0
2025-03-23T20:47:18.029829,463715533,210368115,0.0,0.0
2025-03-23T20:47:19.031845,463715533,210368115,0.0,0.0
2025-03-23T20:47:20.034036,463774201,210377100,58668.0,8985.0
2025-03-23T20:47:21.035342,463774243,210377100,42.0,0.0
2025-03-23T20:47:22.036246,463774285,210377100,42.0,0.0
2025-03-23T20:47:23.037320,463776203,210379016,1918.0,1916.0
2025-03-23T20:47:24.039031,463776203,210379016,0.0,0.0
2025-03-23T20:47:25.040289,463776203,210379016,0.0,0.0
2025-03-23T20:47:26.041423,463778079,210380932,1876.0,1916.0
2025-03-23T20:47:27.042628,463778079,210380932,0.0,0.0
2025-03-23T20:47:28.044499,463778079,210380932,0.0,0.0
2025-03-23T20:47:29.046643,463779955,210382848,1876.0,1916.0
2025-03-23T20:47:30.048937,463779955,210382848,0.0,0.0
2025-03-23T20:47:31.051133,463779955,210382848,0.0,0.0
2025-03-23T20:47:32.052975,463781831,210384764,1876.0,1916.0
2025-03-23T20:47:33.055083,463781831,210384764,0.0,0.0
2025-03-23T20:47:34.057502,463781831,210384764,0.0,0.0
2025-03-23T20:47:35.059457,463783707,210386680,1876.0,1916.0
2025-03-23T20:47:36.060571,463783707,210386680,0.0,0.0
2025-03-23T20:47:37.062582,463783707,210386680,0.0,0.0
2025-03-23T20:47:38.064833,463785583,210388596,1876.0,1916.0
2025-03-23T20:47:39.066810,463785873,210388596,290.0,0.0
2025-03-23T20:47:40.068368,463788830,210391306,2957.0,2710.0
2025-03-23T20:47:41.069274,463789931,210391956,1101.0,650.0
2025-03-23T20:47:42.071031,463789973,210391956,42.0,0.0
2025-03-23T20:47:43.072439,463790741,210392076,768.0,120.0
