timestamp,rx_bytes,tx_bytes,rx_rate_bps,tx_rate_bps
2025-03-23T10:29:15.233763,389808880,174302777,2625.0,2441.0
2025-03-23T10:29:16.235358,389808880,174302777,0.0,0.0
2025-03-23T10:29:17.236410,389808880,174302777,0.0,0.0
2025-03-23T10:29:18.238228,389810756,174304693,1876.0,1916.0
2025-03-23T10:29:19.239274,389810756,174304693,0.0,0.0
2025-03-23T10:29:20.240466,389810842,174304693,86.0,0.0
2025-03-23T10:29:21.241420,389812718,174306609,1876.0,1916.0
2025-03-23T10:29:22.242323,389812718,174306609,0.0,0.0
2025-03-23T10:29:23.243436,389812718,174306609,0.0,0.0
2025-03-23T10:29:24.244572,389814594,174308525,1876.0,1916.0
2025-03-23T10:29:25.246341,389814594,174308525,0.0,0.0
2025-03-23T10:29:26.247373,389814594,174308525,0.0,0.0
2025-03-23T10:29:27.248553,389816470,174310441,1876.0,1916.0
2025-03-23T10:29:28.249452,389816470,174310441,0.0,0.0
2025-03-23T10:29:29.250626,389817105,174311755,635.0,1314.0
2025-03-23T10:29:30.252599,389826755,174315546,9650.0,3791.0
2025-03-23T10:29:31.254354,389826755,174315546,0.0,0.0
2025-03-23T10:29:32.256147,389826755,174315546,0.0,0.0
2025-03-23T10:29:33.257444,389828631,174317462,1876.0,1916.0
2025-03-23T10:29:34.258579,389828673,174317524,42.0,62.0
2025-03-23T10:29:35.260434,389829061,174317696,388.0,172.0
2025-03-23T10:29:36.261576,389832863,174319612,3802.0,1916.0
2025-03-23T10:29:37.263399,389835555,174319612,2692.0,0.0
2025-03-23T10:29:38.264500,389838247,174319612,2692.0,0.0
2025-03-23T10:29:39.265652,389842939,174321528,4692.0,1916.0
2025-03-23T10:29:40.267358,389845507,174321528,2568.0,0.0
2025-03-23T10:29:41.268418,389845507,174321528,0.0,0.0
2025-03-23T10:29:42.269492,389847383,174323444,1876.0,1916.0
2025-03-23T10:29:43.270647,389847383,174323444,0.0,0.0
2025-03-23T10:29:44.272384,389847383,174323444,0.0,0.0
2025-03-23T10:29:45.273562,389849259,174325360,1876.0,1916.0
2025-03-23T10:29:46.275363,389849259,174325360,0.0,0.0
2025-03-23T10:29:47.277202,389849259,174325360,0.0,0.0
2025-03-23T10:29:48.278611,389851439,174327276,2180.0,1916.0
2025-03-23T10:29:49.280391,389851493,174327276,54.0,0.0
2025-03-23T10:29:50.281417,389851579,174327276,86.0,0.0
2025-03-23T10:29:51.282425,389853455,174329192,1876.0,1916.0
2025-03-23T10:29:52.283317,389853509,174329192,54.0,0.0
2025-03-23T10:29:53.284500,389853555,174329192,46.0,0.0
2025-03-23T10:29:54.285270,389855431,174331108,1876.0,1916.0
2025-03-23T10:29:55.286451,389855431,174331190,0.0,82.0
2025-03-23T10:29:56.287446,389858247,174331190,2816.0,0.0
2025-03-23T10:29:57.288410,389862173,174333106,3926.0,1916.0
2025-03-23T10:29:58.289425,389864865,174333106,2692.0,0.0
2025-03-23T10:29:59.290588,389873978,174335859,9113.0,2753.0
2025-03-23T10:30:00.292411,389879979,174337861,6001.0,2002.0
2025-03-23T10:30:01.293779,389879979,174337861,0.0,0.0
2025-03-23T10:30:02.295483,389880021,174337861,42.0,0.0
2025-03-23T10:30:03.296405,389881897,174339777,1876.0,1916.0
2025-03-23T10:30:04.297397,389881897,174339777,0.0,0.0
2025-03-23T10:30:05.298404,389882317,174340207,420.0,430.0
2025-03-23T10:30:06.299319,389889681,174342123,7364.0,1916.0
2025-03-23T10:30:07.300415,389889681,174342123,0.0,0.0
2025-03-23T10:30:08.301629,389889681,174342123,0.0,0.0
2025-03-23T10:30:09.303426,389891557,174344149,1876.0,2026.0
2025-03-23T10:30:10.304414,389891860,174344149,303.0,0.0
2025-03-23T10:30:11.305421,389892073,174344149,213.0,0.0
2025-03-23T10:30:12.306417,389893949,174346065,1876.0,1916.0
2025-03-23T10:30:13.307347,389894162,174346065,213.0,0.0
2025-03-23T10:30:14.309207,389894375,174346065,213.0,0.0
2025-03-23T10:30:15.310551,389896375,174347981,2000.0,1916.0
2025-03-23T10:30:16.312352,389899709,174347981,3334.0,0.0
2025-03-23T10:30:17.313445,389901759,174347981,2050.0,0.0
2025-03-23T10:30:18.314430,389905685,174349897,3926.0,1916.0
2025-03-23T10:30:19.315370,389908377,174349897,2692.0,0.0
2025-03-23T10:30:20.316449,389911031,174349897,2654.0,0.0
2025-03-23T10:30:21.317417,389912907,174351813,1876.0,1916.0
2025-03-23T10:30:22.318433,389912907,174351813,0.0,0.0
2025-03-23T10:30:23.319417,389912907,174351813,0.0,0.0
2025-03-23T10:30:24.324588,389914783,174353729,1876.0,1916.0
2025-03-23T10:30:25.326296,389914783,174353729,0.0,0.0
2025-03-23T10:30:26.327316,389914783,174353729,0.0,0.0
2025-03-23T10:30:27.328458,389916659,174355645,1876.0,1916.0
2025-03-23T10:30:28.329476,389916659,174355645,0.0,0.0
2025-03-23T10:30:29.330502,389916659,174355645,0.0,0.0
2025-03-23T10:30:30.331415,389918535,174357561,1876.0,1916.0
2025-03-23T10:30:31.332605,389918535,174357561,0.0,0.0
2025-03-23T10:30:32.334459,389918535,174357561,0.0,0.0
2025-03-23T10:30:33.335438,389920411,174359477,1876.0,1916.0
2025-03-23T10:30:34.336610,389920411,174359477,0.0,0.0
2025-03-23T10:30:35.338406,389920535,174359477,124.0,0.0
2025-03-23T10:30:36.339441,389925103,174361393,4568.0,1916.0
2025-03-23T10:30:37.340411,389930363,174361393,5260.0,0.0
2025-03-23T10:30:38.341336,389932413,174361393,2050.0,0.0
2025-03-23T10:30:39.342611,389935055,174363309,2642.0,1916.0
2025-03-23T10:30:40.344445,389937623,174363309,2568.0,0.0
2025-03-23T10:30:41.345396,389937623,174363309,0.0,0.0
2025-03-23T10:30:42.346393,389939499,174365225,1876.0,1916.0
2025-03-23T10:30:43.347617,389939499,174365225,0.0,0.0
2025-03-23T10:30:44.349625,389940115,174366183,616.0,958.0
2025-03-23T10:30:45.351605,389941375,174367141,1260.0,958.0
2025-03-23T10:30:46.353553,389941375,174367141,0.0,0.0
2025-03-23T10:30:47.354509,389941991,174368099,616.0,958.0
2025-03-23T10:30:48.355468,389943251,174369057,1260.0,958.0
2025-03-23T10:30:49.356363,389943251,174369057,0.0,0.0
2025-03-23T10:30:50.357435,389943953,174370015,702.0,958.0
2025-03-23T10:30:51.358455,389945213,174370973,1260.0,958.0
2025-03-23T10:30:52.359413,389945213,174370973,0.0,0.0
2025-03-23T10:30:53.360449,389946151,174371931,938.0,958.0
2025-03-23T10:30:54.362299,389947089,174372889,938.0,958.0
2025-03-23T10:30:55.364314,389947089,174372889,0.0,0.0
2025-03-23T10:30:56.365443,389948347,174373847,1258.0,958.0
2025-03-23T10:30:57.366458,389949285,174374805,938.0,958.0
2025-03-23T10:30:58.367636,389950569,174374805,1284.0,0.0
2025-03-23T10:30:59.369516,389953228,174376735,2659.0,1930.0
2025-03-23T10:31:00.370710,389962392,174380091,9164.0,3356.0
2025-03-23T10:31:01.372408,389962392,174380091,0.0,0.0
2025-03-23T10:31:02.373663,389963330,174381049,938.0,958.0
2025-03-23T10:31:03.375609,389964268,174382007,938.0,958.0
2025-03-23T10:31:04.377423,389964310,174382069,42.0,62.0
2025-03-23T10:31:05.378417,389965470,174383199,1160.0,1130.0
2025-03-23T10:31:06.379324,389966408,174384157,938.0,958.0
2025-03-23T10:31:07.380344,389966408,174384157,0.0,0.0
2025-03-23T10:31:08.381868,389967346,174385115,938.0,958.0
2025-03-23T10:31:09.383448,389968284,174386073,938.0,958.0
2025-03-23T10:31:10.384415,389968284,174386073,0.0,0.0
2025-03-23T10:31:11.385548,389971604,174389433,3320.0,3360.0
2025-03-23T10:31:12.386371,389971604,174389433,0.0,0.0
2025-03-23T10:31:13.387394,389971604,174389433,0.0,0.0
2025-03-23T10:31:14.388572,389972234,174390083,630.0,650.0
