timestamp,rx_bytes,tx_bytes,rx_rate_bps,tx_rate_bps
2025-03-23T10:39:02.572532,391070827,174896656,1876.0,1916.0
2025-03-23T10:39:03.576641,391070946,174896656,119.0,0.0
2025-03-23T10:39:04.578480,391071168,174896828,222.0,172.0
2025-03-23T10:39:05.579472,391073044,174898744,1876.0,1916.0
2025-03-23T10:39:06.580320,391073044,174898744,0.0,0.0
2025-03-23T10:39:07.581387,391073044,174898744,0.0,0.0
2025-03-23T10:39:08.582447,391074920,174900660,1876.0,1916.0
2025-03-23T10:39:09.583431,391074920,174900660,0.0,0.0
2025-03-23T10:39:10.584440,391074920,174900660,0.0,0.0
2025-03-23T10:39:11.585437,391076796,174902576,1876.0,1916.0
2025-03-23T10:39:12.586356,391076796,174902576,0.0,0.0
2025-03-23T10:39:13.587331,391076796,174902576,0.0,0.0
2025-03-23T10:39:14.588387,391078672,174904612,1876.0,2036.0
2025-03-23T10:39:15.589484,391079355,174905137,683.0,525.0
2025-03-23T10:39:16.590426,391079421,174905137,66.0,0.0
2025-03-23T10:39:17.591408,391081297,174907053,1876.0,1916.0
2025-03-23T10:39:18.592518,391081297,174907053,0.0,0.0
2025-03-23T10:39:19.593439,391081297,174907053,0.0,0.0
2025-03-23T10:39:20.594388,391083301,174909031,2004.0,1978.0
2025-03-23T10:39:21.595667,391083301,174909031,0.0,0.0
2025-03-23T10:39:22.597454,391083301,174909031,0.0,0.0
2025-03-23T10:39:23.598364,391085296,174910947,1995.0,1916.0
2025-03-23T10:39:24.599427,391085296,174910947,0.0,0.0
2025-03-23T10:39:25.600441,391085296,174910947,0.0,0.0
2025-03-23T10:39:26.601976,391087172,174912863,1876.0,1916.0
2025-03-23T10:39:27.603504,391087172,174912863,0.0,0.0
2025-03-23T10:39:28.604575,391087172,174912863,0.0,0.0
2025-03-23T10:39:29.606391,391096896,174917437,9724.0,4574.0
2025-03-23T10:39:30.607420,391096896,174917437,0.0,0.0
2025-03-23T10:39:31.608528,391096896,174917437,0.0,0.0
2025-03-23T10:39:32.609556,391098772,174919353,1876.0,1916.0
2025-03-23T10:39:33.610464,391098772,174919353,0.0,0.0
2025-03-23T10:39:34.611416,391098994,174919525,222.0,172.0
2025-03-23T10:39:35.612378,391100870,174921441,1876.0,1916.0
2025-03-23T10:39:36.613432,391100870,174921441,0.0,0.0
2025-03-23T10:39:37.614406,391100870,174921441,0.0,0.0
2025-03-23T10:39:38.615387,391102746,174923357,1876.0,1916.0
2025-03-23T10:39:39.616440,391102746,174923357,0.0,0.0
2025-03-23T10:39:40.617454,391102746,174923357,0.0,0.0
2025-03-23T10:39:41.618405,391104622,174925273,1876.0,1916.0
2025-03-23T10:39:42.619377,391104622,174925273,0.0,0.0
2025-03-23T10:39:43.620627,391113258,174929033,8636.0,3760.0
2025-03-23T10:39:44.622437,391123139,174934490,9881.0,5457.0
2025-03-23T10:39:45.623349,391134275,174939122,11136.0,4632.0
2025-03-23T10:39:46.624928,391175789,174943505,41514.0,4383.0
2025-03-23T10:39:47.626360,391177665,174945421,1876.0,1916.0
2025-03-23T10:39:48.627393,391177919,174945421,254.0,0.0
2025-03-23T10:39:49.628591,391177961,174945483,42.0,62.0
2025-03-23T10:39:50.630549,391179923,174947399,1962.0,1916.0
2025-03-23T10:39:51.631510,391180367,174947657,444.0,258.0
2025-03-23T10:39:52.632485,391180367,174947657,0.0,0.0
2025-03-23T10:39:53.633352,391182243,174949573,1876.0,1916.0
2025-03-23T10:39:54.634743,391182243,174949573,0.0,0.0
2025-03-23T10:39:55.636543,391182243,174949573,0.0,0.0
2025-03-23T10:39:56.637583,391184119,174951489,1876.0,1916.0
2025-03-23T10:39:57.639427,391184119,174951489,0.0,0.0
2025-03-23T10:39:58.640421,391184161,174951489,42.0,0.0
2025-03-23T10:39:59.641488,391194015,174956244,9854.0,4755.0
2025-03-23T10:40:00.642439,391194015,174956244,0.0,0.0
2025-03-23T10:40:01.643435,391194015,174956244,0.0,0.0
2025-03-23T10:40:02.644334,391195891,174958160,1876.0,1916.0
2025-03-23T10:40:03.645438,391196010,174958160,119.0,0.0
2025-03-23T10:40:04.646441,391196232,174958332,222.0,172.0
2025-03-23T10:40:05.647400,391205568,174960248,9336.0,1916.0
2025-03-23T10:40:06.648434,391208130,174960248,2562.0,0.0
2025-03-23T10:40:07.649432,391208172,174960248,42.0,0.0
2025-03-23T10:40:08.650415,391212864,174962164,4692.0,1916.0
2025-03-23T10:40:09.651423,391215556,174962164,2692.0,0.0
2025-03-23T10:40:10.652442,391218461,174962164,2905.0,0.0
2025-03-23T10:40:11.653477,391223118,174964080,4657.0,1916.0
2025-03-23T10:40:12.654400,391226073,174964080,2955.0,0.0
2025-03-23T10:40:13.655375,391226340,174964080,267.0,0.0
2025-03-23T10:40:14.656390,391228270,174965996,1930.0,1916.0
2025-03-23T10:40:15.657383,391228316,174966078,46.0,82.0
2025-03-23T10:40:16.658446,391228316,174966078,0.0,0.0
2025-03-23T10:40:17.659453,391230192,174967994,1876.0,1916.0
2025-03-23T10:40:18.660359,391230192,174967994,0.0,0.0
2025-03-23T10:40:19.661445,391230278,174967994,86.0,0.0
2025-03-23T10:40:20.662362,391232208,174969910,1930.0,1916.0
2025-03-23T10:40:21.663437,391232208,174969910,0.0,0.0
2025-03-23T10:40:22.664359,391232208,174969910,0.0,0.0
2025-03-23T10:40:23.665416,391234203,174971826,1995.0,1916.0
2025-03-23T10:40:24.666477,391234203,174971826,0.0,0.0
2025-03-23T10:40:25.667467,391234203,174971826,0.0,0.0
2025-03-23T10:40:26.668408,391236079,174973742,1876.0,1916.0
2025-03-23T10:40:27.669776,391236203,174973742,124.0,0.0
2025-03-23T10:40:28.671430,391238129,174973742,1926.0,0.0
2025-03-23T10:40:29.672323,391242697,174975658,4568.0,1916.0
2025-03-23T10:40:30.673593,391245513,174975658,2816.0,0.0
2025-03-23T10:40:31.675426,391248205,174975658,2692.0,0.0
2025-03-23T10:40:32.676432,391252649,174977574,4444.0,1916.0
2025-03-23T10:40:33.677360,391252649,174977574,0.0,0.0
2025-03-23T10:40:34.678953,391252649,174977574,0.0,0.0
2025-03-23T10:40:35.680433,391254525,174979490,1876.0,1916.0
2025-03-23T10:40:36.681401,391254525,174979490,0.0,0.0
2025-03-23T10:40:37.682562,391254525,174979490,0.0,0.0
2025-03-23T10:40:38.683386,391256401,174981406,1876.0,1916.0
2025-03-23T10:40:39.684601,391256401,174981406,0.0,0.0
2025-03-23T10:40:40.686434,391256401,174981406,0.0,0.0
2025-03-23T10:40:41.687327,391258277,174983322,1876.0,1916.0
2025-03-23T10:40:42.689067,391258277,174983322,0.0,0.0
2025-03-23T10:40:43.690331,391258396,174983322,119.0,0.0
2025-03-23T10:40:44.691587,391260272,174985238,1876.0,1916.0
2025-03-23T10:40:45.693654,391276716,174991764,16444.0,6526.0
2025-03-23T10:40:46.695420,391330860,175001147,54144.0,9383.0
2025-03-23T10:40:47.696395,391332860,175003063,2000.0,1916.0
2025-03-23T10:40:48.697317,391335552,175003063,2692.0,0.0
2025-03-23T10:40:49.698248,391338330,175003063,2778.0,0.0
2025-03-23T10:40:50.699324,391342940,175005041,4610.0,1978.0
2025-03-23T10:40:51.700399,391346014,175005299,3074.0,258.0
2025-03-23T10:40:52.701595,391348582,175005299,2568.0,0.0
2025-03-23T10:40:53.703406,391350458,175007215,1876.0,1916.0
2025-03-23T10:40:54.704549,391350458,175007215,0.0,0.0
2025-03-23T10:40:55.705319,391350458,175007215,0.0,0.0
2025-03-23T10:40:56.706423,391352334,175009131,1876.0,1916.0
2025-03-23T10:40:57.708301,391352334,175009131,0.0,0.0
2025-03-23T10:40:58.709574,391354866,175011841,2532.0,2710.0
2025-03-23T10:40:59.711599,391363632,175015330,8766.0,3489.0
2025-03-23T10:41:00.713360,391363632,175015330,0.0,0.0
2025-03-23T10:41:01.714576,391363632,175015330,0.0,0.0
