timestamp,rx_bytes,tx_bytes,rx_rate_bps,tx_rate_bps
2025-04-04T22:16:44.801909,2825943787,1379002103,3738.0,3798.0
2025-04-04T22:16:45.802885,2825943787,1379002103,0.0,0.0
2025-04-04T22:16:46.804994,2825943787,1379002103,0.0,0.0
2025-04-04T22:16:47.807207,2825947525,1379005901,3738.0,3798.0
2025-04-04T22:16:48.808929,2825947525,1379005901,0.0,0.0
2025-04-04T22:16:49.810654,2825947525,1379005901,0.0,0.0
2025-04-04T22:16:50.811895,2825951263,1379009699,3738.0,3798.0
2025-04-04T22:16:51.812810,2825951263,1379009699,0.0,0.0
2025-04-04T22:16:52.813813,2825951263,1379009699,0.0,0.0
2025-04-04T22:16:53.815964,2825955001,1379013497,3738.0,3798.0
2025-04-04T22:16:54.816972,2825955001,1379013497,0.0,0.0
2025-04-04T22:16:55.819140,2825955001,1379013497,0.0,0.0
2025-04-04T22:16:56.821528,2825958739,1379017295,3738.0,3798.0
2025-04-04T22:16:57.822935,2825958739,1379017295,0.0,0.0
2025-04-04T22:16:58.824860,2825958739,1379017295,0.0,0.0
2025-04-04T22:16:59.826954,2825962477,1379021093,3738.0,3798.0
2025-04-04T22:17:00.827896,2825962477,1379021093,0.0,0.0
2025-04-04T22:17:01.828798,2825984453,1379031469,21976.0,10376.0
2025-04-04T22:17:02.830522,2826036049,1379043378,51596.0,11909.0
2025-04-04T22:17:03.831789,2826036091,1379043378,42.0,0.0
2025-04-04T22:17:04.833834,2826036133,1379043378,42.0,0.0
2025-04-04T22:17:05.834899,2826039871,1379047176,3738.0,3798.0
2025-04-04T22:17:06.837116,2826039871,1379047176,0.0,0.0
2025-04-04T22:17:07.839366,2826040315,1379047434,444.0,258.0
2025-04-04T22:17:08.841262,2826044095,1379051294,3780.0,3860.0
2025-04-04T22:17:09.843663,2826052257,1379054501,8162.0,3207.0
2025-04-04T22:17:10.844877,2826052257,1379054501,0.0,0.0
2025-04-04T22:17:11.846743,2826055995,1379058299,3738.0,3798.0
2025-04-04T22:17:12.847797,2826055995,1379058299,0.0,0.0
2025-04-04T22:17:13.849567,2826055995,1379058299,0.0,0.0
2025-04-04T22:17:14.851435,2826124913,1379068855,68918.0,10556.0
2025-04-04T22:17:15.852868,2826124913,1379068855,0.0,0.0
2025-04-04T22:17:16.855002,2826124913,1379068855,0.0,0.0
2025-04-04T22:17:17.857161,2826128651,1379072653,3738.0,3798.0
2025-04-04T22:17:18.858922,2826128651,1379072653,0.0,0.0
2025-04-04T22:17:19.861092,2826128651,1379072653,0.0,0.0
2025-04-04T22:17:20.863338,2826132389,1379076451,3738.0,3798.0
2025-04-04T22:17:21.864899,2826132389,1379076451,0.0,0.0
2025-04-04T22:17:22.865890,2826132389,1379076451,0.0,0.0
2025-04-04T22:17:23.866821,2826136127,1379080249,3738.0,3798.0
2025-04-04T22:17:24.868545,2826136127,1379080249,0.0,0.0
2025-04-04T22:17:25.870781,2826136127,1379080249,0.0,0.0
2025-04-04T22:17:26.871915,2826139865,1379084047,3738.0,3798.0
2025-04-04T22:17:27.873969,2826139865,1379084047,0.0,0.0
2025-04-04T22:17:28.874891,2826139865,1379084047,0.0,0.0
2025-04-04T22:17:29.877053,2826143603,1379087845,3738.0,3798.0
2025-04-04T22:17:30.879289,2826143603,1379087845,0.0,0.0
2025-04-04T22:17:31.880907,2826143603,1379087845,0.0,0.0
2025-04-04T22:17:32.882822,2826147341,1379091643,3738.0,3798.0
2025-04-04T22:17:33.883886,2826147341,1379091643,0.0,0.0
2025-04-04T22:17:34.885604,2826147341,1379091643,0.0,0.0
2025-04-04T22:17:35.887810,2826151079,1379095441,3738.0,3798.0
2025-04-04T22:17:36.888912,2826151191,1379095441,112.0,0.0
2025-04-04T22:17:37.890941,2826151237,1379095441,46.0,0.0
2025-04-04T22:17:38.892851,2826155029,1379099239,3792.0,3798.0
2025-04-04T22:17:39.894093,2826155075,1379099239,46.0,0.0
2025-04-04T22:17:40.896352,2826155129,1379099321,54.0,82.0
2025-04-04T22:17:41.898692,2826158867,1379103119,3738.0,3798.0
2025-04-04T22:17:42.900537,2826158921,1379103119,54.0,0.0
2025-04-04T22:17:43.902303,2826158967,1379103119,46.0,0.0
2025-04-04T22:17:44.903792,2826162705,1379106917,3738.0,3798.0
2025-04-04T22:17:45.905509,2826162705,1379106917,0.0,0.0
2025-04-04T22:17:46.907764,2826162705,1379106917,0.0,0.0
2025-04-04T22:17:47.908930,2826166443,1379110715,3738.0,3798.0
2025-04-04T22:17:48.910853,2826166443,1379110715,0.0,0.0
2025-04-04T22:17:49.912889,2826166443,1379110715,0.0,0.0
2025-04-04T22:17:50.913892,2826170181,1379114513,3738.0,3798.0
2025-04-04T22:17:51.914914,2826170181,1379114513,0.0,0.0
2025-04-04T22:17:52.915929,2826170181,1379114513,0.0,0.0
2025-04-04T22:17:53.917687,2826173919,1379118311,3738.0,3798.0
2025-04-04T22:17:54.919431,2826173919,1379118311,0.0,0.0
2025-04-04T22:17:55.920805,2826173919,1379118311,0.0,0.0
2025-04-04T22:17:56.922910,2826177657,1379122109,3738.0,3798.0
2025-04-04T22:17:57.923926,2826177657,1379122109,0.0,0.0
2025-04-04T22:17:58.924909,2826177699,1379122109,42.0,0.0
2025-04-04T22:17:59.926760,2826181437,1379125907,3738.0,3798.0
2025-04-04T22:18:00.927928,2826181437,1379125907,0.0,0.0
2025-04-04T22:18:01.930043,2826181437,1379125907,0.0,0.0
2025-04-04T22:18:02.932146,2826185241,1379129791,3804.0,3884.0
2025-04-04T22:18:03.934035,2826211859,1379141001,26618.0,11210.0
2025-04-04T22:18:04.935941,2826255075,1379148020,43216.0,7019.0
2025-04-04T22:18:05.936828,2826258813,1379151818,3738.0,3798.0
2025-04-04T22:18:06.938550,2826268376,1379151818,9563.0,0.0
2025-04-04T22:18:07.939956,2826268418,1379151880,42.0,62.0
2025-04-04T22:18:08.941045,2826272156,1379155678,3738.0,3798.0
2025-04-04T22:18:09.941952,2826273864,1379156980,1708.0,1302.0
2025-04-04T22:18:10.943249,2826273864,1379156980,0.0,0.0
2025-04-04T22:18:11.944966,2826277602,1379160778,3738.0,3798.0
2025-04-04T22:18:12.945934,2826277602,1379160778,0.0,0.0
2025-04-04T22:18:13.947005,2826277602,1379160778,0.0,0.0
2025-04-04T22:18:14.947860,2826281562,1379164748,3960.0,3970.0
2025-04-04T22:18:15.948777,2826281562,1379164748,0.0,0.0
2025-04-04T22:18:16.949783,2826281562,1379164748,0.0,0.0
2025-04-04T22:18:17.950949,2826285300,1379168546,3738.0,3798.0
2025-04-04T22:18:18.951911,2826285591,1379168546,291.0,0.0
2025-04-04T22:18:19.952887,2826285591,1379168546,0.0,0.0
2025-04-04T22:18:20.954213,2826289329,1379172344,3738.0,3798.0
2025-04-04T22:18:21.955978,2826289329,1379172344,0.0,0.0
2025-04-04T22:18:22.957085,2826289329,1379172344,0.0,0.0
2025-04-04T22:18:23.959064,2826293067,1379176142,3738.0,3798.0
2025-04-04T22:18:24.960919,2826293067,1379176142,0.0,0.0
2025-04-04T22:18:25.962648,2826293067,1379176142,0.0,0.0
2025-04-04T22:18:26.963827,2826296805,1379179940,3738.0,3798.0
2025-04-04T22:18:27.965694,2826296805,1379179940,0.0,0.0
2025-04-04T22:18:28.967879,2826296805,1379179940,0.0,0.0
2025-04-04T22:18:29.968910,2826300543,1379183738,3738.0,3798.0
2025-04-04T22:18:30.970075,2826300543,1379183738,0.0,0.0
2025-04-04T22:18:31.970964,2826300543,1379183738,0.0,0.0
2025-04-04T22:18:32.971893,2826304281,1379187536,3738.0,3798.0
2025-04-04T22:18:33.973099,2826304281,1379187536,0.0,0.0
2025-04-04T22:18:34.975301,2826304281,1379187536,0.0,0.0
2025-04-04T22:18:35.977103,2826308019,1379191334,3738.0,3798.0
2025-04-04T22:18:36.978866,2826308019,1379191334,0.0,0.0
2025-04-04T22:18:37.980621,2826308019,1379191334,0.0,0.0
2025-04-04T22:18:38.982544,2826311757,1379195132,3738.0,3798.0
2025-04-04T22:18:39.984507,2826311757,1379195132,0.0,0.0
2025-04-04T22:18:40.986382,2826311757,1379195132,0.0,0.0
2025-04-04T22:18:41.988622,2826318475,1379201910,6718.0,6778.0
2025-04-04T22:18:42.990394,2826318475,1379201910,0.0,0.0
2025-04-04T22:18:43.991917,2826318475,1379201910,0.0,0.0
