timestamp,rx_bytes,tx_bytes,rx_rate_bps,tx_rate_bps
2025-03-26T08:57:11.362558,1086982619,452977236,1876.0,1916.0
2025-03-26T08:57:12.364489,1086982619,452977236,0.0,0.0
2025-03-26T08:57:13.365479,1086982619,452977236,0.0,0.0
2025-03-26T08:57:14.366492,1086984495,452979152,1876.0,1916.0
2025-03-26T08:57:15.367394,1086984495,452979152,0.0,0.0
2025-03-26T08:57:16.368560,1086984495,452979152,0.0,0.0
2025-03-26T08:57:17.370438,1086986371,452981068,1876.0,1916.0
2025-03-26T08:57:18.372268,1086986371,452981068,0.0,0.0
2025-03-26T08:57:19.374323,1086986371,452981068,0.0,0.0
2025-03-26T08:57:20.376370,1086988247,452982984,1876.0,1916.0
2025-03-26T08:57:21.378218,1086988247,452982984,0.0,0.0
2025-03-26T08:57:22.380404,1086989075,452982984,828.0,0.0
2025-03-26T08:57:23.382761,1086990951,452984900,1876.0,1916.0
2025-03-26T08:57:24.384582,1086990951,452984900,0.0,0.0
2025-03-26T08:57:25.386631,1086990951,452984900,0.0,0.0
2025-03-26T08:57:26.388336,1086992827,452986816,1876.0,1916.0
2025-03-26T08:57:27.389300,1086992827,452986816,0.0,0.0
2025-03-26T08:57:28.391168,1086992827,452986816,0.0,0.0
2025-03-26T08:57:29.392353,1086994703,452988732,1876.0,1916.0
2025-03-26T08:57:30.393323,1086994703,452988732,0.0,0.0
2025-03-26T08:57:31.394299,1086994703,452988732,0.0,0.0
2025-03-26T08:57:32.395321,1086996579,452990648,1876.0,1916.0
2025-03-26T08:57:33.397310,1086996579,452990648,0.0,0.0
2025-03-26T08:57:34.399064,1086996579,452990648,0.0,0.0
2025-03-26T08:57:35.400887,1086998455,452992564,1876.0,1916.0
2025-03-26T08:57:36.402552,1086998455,452992564,0.0,0.0
2025-03-26T08:57:37.403417,1086998455,452992564,0.0,0.0
2025-03-26T08:57:38.405398,1087000331,452994480,1876.0,1916.0
2025-03-26T08:57:39.406460,1087000331,452994480,0.0,0.0
2025-03-26T08:57:40.407594,1087000331,452994480,0.0,0.0
2025-03-26T08:57:41.409573,1087002207,452996396,1876.0,1916.0
2025-03-26T08:57:42.411311,1087002207,452996396,0.0,0.0
2025-03-26T08:57:43.412485,1087002643,452996516,436.0,120.0
2025-03-26T08:57:44.413537,1087004519,452998432,1876.0,1916.0
2025-03-26T08:57:45.414575,1087004519,452998432,0.0,0.0
2025-03-26T08:57:46.416396,1087004519,452998432,0.0,0.0
2025-03-26T08:57:47.418247,1087021347,453006252,16828.0,7820.0
2025-03-26T08:57:48.419573,1087034191,453013312,12844.0,7060.0
2025-03-26T08:57:49.421887,1087075565,453016071,41374.0,2759.0
2025-03-26T08:57:50.423880,1087077441,453017987,1876.0,1916.0
2025-03-26T08:57:51.426128,1087077441,453017987,0.0,0.0
2025-03-26T08:57:52.428464,1087077441,453017987,0.0,0.0
2025-03-26T08:57:53.430239,1087079317,453019903,1876.0,1916.0
2025-03-26T08:57:54.432102,1087079761,453020075,444.0,172.0
2025-03-26T08:57:55.433925,1087079761,453020075,0.0,0.0
2025-03-26T08:57:56.435471,1087081637,453021991,1876.0,1916.0
2025-03-26T08:57:57.436389,1087081637,453021991,0.0,0.0
2025-03-26T08:57:58.438468,1087081637,453021991,0.0,0.0
2025-03-26T08:57:59.439420,1087091491,453026660,9854.0,4669.0
2025-03-26T08:58:00.441207,1087091491,453026746,0.0,86.0
2025-03-26T08:58:01.443267,1087091533,453026746,42.0,0.0
2025-03-26T08:58:02.444392,1087093451,453028662,1918.0,1916.0
2025-03-26T08:58:03.445428,1087093493,453028662,42.0,0.0
2025-03-26T08:58:04.447269,1087093493,453028662,0.0,0.0
2025-03-26T08:58:05.449426,1087095591,453030750,2098.0,2088.0
2025-03-26T08:58:06.451594,1087105613,453030750,10022.0,0.0
2025-03-26T08:58:07.453858,1087105613,453030750,0.0,0.0
2025-03-26T08:58:08.455572,1087107489,453032666,1876.0,1916.0
2025-03-26T08:58:09.457277,1087107489,453032666,0.0,0.0
2025-03-26T08:58:10.459118,1087107489,453032666,0.0,0.0
2025-03-26T08:58:11.460339,1087109365,453034582,1876.0,1916.0
2025-03-26T08:58:12.462301,1087109365,453034582,0.0,0.0
2025-03-26T08:58:13.463375,1087109365,453034582,0.0,0.0
2025-03-26T08:58:14.464576,1087111241,453036498,1876.0,1916.0
2025-03-26T08:58:15.466310,1087111241,453036498,0.0,0.0
2025-03-26T08:58:16.467371,1087111241,453036498,0.0,0.0
2025-03-26T08:58:17.468362,1087113117,453038414,1876.0,1916.0
2025-03-26T08:58:18.469431,1087113117,453038414,0.0,0.0
2025-03-26T08:58:19.470404,1087113117,453038414,0.0,0.0
2025-03-26T08:58:20.472401,1087114993,453040330,1876.0,1916.0
2025-03-26T08:58:21.474274,1087114993,453040330,0.0,0.0
2025-03-26T08:58:22.476363,1087114993,453040330,0.0,0.0
2025-03-26T08:58:23.478529,1087116869,453042246,1876.0,1916.0
2025-03-26T08:58:24.480660,1087116869,453042246,0.0,0.0
2025-03-26T08:58:25.482937,1087116869,453042246,0.0,0.0
2025-03-26T08:58:26.484819,1087118745,453044162,1876.0,1916.0
2025-03-26T08:58:27.486592,1087118745,453044162,0.0,0.0
2025-03-26T08:58:28.488398,1087118745,453044162,0.0,0.0
2025-03-26T08:58:29.489423,1087120621,453046078,1876.0,1916.0
2025-03-26T08:58:30.490421,1087120621,453046078,0.0,0.0
2025-03-26T08:58:31.491536,1087120621,453046078,0.0,0.0
2025-03-26T08:58:32.493751,1087122497,453047994,1876.0,1916.0
2025-03-26T08:58:33.495458,1087122497,453047994,0.0,0.0
2025-03-26T08:58:34.497380,1087122497,453047994,0.0,0.0
2025-03-26T08:58:35.498587,1087124373,453049910,1876.0,1916.0
2025-03-26T08:58:36.500412,1087124373,453049910,0.0,0.0
2025-03-26T08:58:37.501515,1087124373,453049910,0.0,0.0
2025-03-26T08:58:38.502408,1087126249,453051826,1876.0,1916.0
2025-03-26T08:58:39.503617,1087126249,453051826,0.0,0.0
2025-03-26T08:58:40.505764,1087126249,453051826,0.0,0.0
2025-03-26T08:58:41.508002,1087128125,453053742,1876.0,1916.0
2025-03-26T08:58:42.510273,1087128125,453053742,0.0,0.0
2025-03-26T08:58:43.512213,1087128125,453053742,0.0,0.0
2025-03-26T08:58:44.514368,1087130001,453055658,1876.0,1916.0
2025-03-26T08:58:45.515356,1087130001,453055658,0.0,0.0
2025-03-26T08:58:46.517094,1087130001,453055658,0.0,0.0
2025-03-26T08:58:47.518814,1087131877,453057574,1876.0,1916.0
2025-03-26T08:58:48.520463,1087131877,453057574,0.0,0.0
2025-03-26T08:58:49.521388,1087148355,453064306,16478.0,6732.0
2025-03-26T08:58:50.523210,1087170472,453074807,22117.0,10501.0
2025-03-26T08:58:51.524321,1087204915,453079674,34443.0,4867.0
2025-03-26T08:58:52.526057,1087259911,453081770,54996.0,2096.0
2025-03-26T08:58:53.527799,1087261787,453083686,1876.0,1916.0
2025-03-26T08:58:54.529322,1087261829,453083748,42.0,62.0
2025-03-26T08:58:55.530344,1087261829,453083748,0.0,0.0
2025-03-26T08:58:56.531326,1087264149,453085922,2320.0,2174.0
2025-03-26T08:58:57.533202,1087264149,453085922,0.0,0.0
2025-03-26T08:58:58.534381,1087264149,453085922,0.0,0.0
2025-03-26T08:58:59.535435,1087274003,453090677,9854.0,4755.0
2025-03-26T08:59:00.536378,1087274003,453090677,0.0,0.0
2025-03-26T08:59:01.537353,1087274003,453090677,0.0,0.0
2025-03-26T08:59:02.538402,1087276045,453092593,2042.0,1916.0
2025-03-26T08:59:03.539804,1087276045,453092593,0.0,0.0
2025-03-26T08:59:04.541722,1087276267,453092765,222.0,172.0
2025-03-26T08:59:05.543426,1087278143,453094681,1876.0,1916.0
2025-03-26T08:59:06.545245,1087278185,453094681,42.0,0.0
2025-03-26T08:59:07.546400,1087280763,453097391,2578.0,2710.0
2025-03-26T08:59:08.548565,1087281605,453098123,842.0,732.0
2025-03-26T08:59:09.550562,1087281659,453098123,54.0,0.0
2025-03-26T08:59:10.552342,1087281659,453098123,0.0,0.0
