timestamp,rx_bytes,tx_bytes,rx_rate_bps,tx_rate_bps
2025-03-26T10:39:52.457391,1099695213,459111301,1918.0,1978.0
2025-03-26T10:39:53.458356,1099695213,459111301,0.0,0.0
2025-03-26T10:39:54.459415,1099695213,459111301,0.0,0.0
2025-03-26T10:39:55.460376,1099697089,459113217,1876.0,1916.0
2025-03-26T10:39:56.461340,1099697089,459113217,0.0,0.0
2025-03-26T10:39:57.462316,1099697089,459113217,0.0,0.0
2025-03-26T10:39:58.463391,1099698965,459115133,1876.0,1916.0
2025-03-26T10:39:59.464398,1099706943,459117972,7978.0,2839.0
2025-03-26T10:40:00.465378,1099706943,459117972,0.0,0.0
2025-03-26T10:40:01.466423,1099708819,459119888,1876.0,1916.0
2025-03-26T10:40:02.468245,1099708819,459119888,0.0,0.0
2025-03-26T10:40:03.469344,1099708819,459119888,0.0,0.0
2025-03-26T10:40:04.470583,1099710917,459121976,2098.0,2088.0
2025-03-26T10:40:05.472452,1099710917,459121976,0.0,0.0
2025-03-26T10:40:06.473428,1099720939,459121976,10022.0,0.0
2025-03-26T10:40:07.474402,1099722815,459123892,1876.0,1916.0
2025-03-26T10:40:08.475553,1099722815,459123892,0.0,0.0
2025-03-26T10:40:09.476361,1099722815,459123892,0.0,0.0
2025-03-26T10:40:10.477379,1099724691,459125808,1876.0,1916.0
2025-03-26T10:40:11.479191,1099724691,459125808,0.0,0.0
2025-03-26T10:40:12.480383,1099724909,459125808,218.0,0.0
2025-03-26T10:40:13.481451,1099727003,459127724,2094.0,1916.0
2025-03-26T10:40:14.482425,1099727221,459127724,218.0,0.0
2025-03-26T10:40:15.483454,1099727439,459127724,218.0,0.0
2025-03-26T10:40:16.484559,1099729315,459129640,1876.0,1916.0
2025-03-26T10:40:17.486362,1099729315,459129640,0.0,0.0
2025-03-26T10:40:18.487428,1099729730,459129640,415.0,0.0
2025-03-26T10:40:19.488653,1099731493,459131556,1763.0,1916.0
2025-03-26T10:40:20.490433,1099731612,459131556,119.0,0.0
2025-03-26T10:40:21.491473,1099731612,459131556,0.0,0.0
2025-03-26T10:40:22.492391,1099733810,459133472,2198.0,1916.0
2025-03-26T10:40:23.493387,1099733810,459133472,0.0,0.0
2025-03-26T10:40:24.494389,1099733810,459133472,0.0,0.0
2025-03-26T10:40:25.495404,1099735686,459135388,1876.0,1916.0
2025-03-26T10:40:26.498606,1099735686,459135388,0.0,0.0
2025-03-26T10:40:27.500345,1099735686,459135388,0.0,0.0
2025-03-26T10:40:28.501575,1099737742,459137304,2056.0,1916.0
2025-03-26T10:40:29.503398,1099737742,459137304,0.0,0.0
2025-03-26T10:40:30.504444,1099738135,459137660,393.0,356.0
2025-03-26T10:40:31.505352,1099740011,459139576,1876.0,1916.0
2025-03-26T10:40:32.506410,1099740011,459139576,0.0,0.0
2025-03-26T10:40:33.507579,1099740011,459139576,0.0,0.0
2025-03-26T10:40:34.509433,1099741887,459141492,1876.0,1916.0
2025-03-26T10:40:35.510393,1099741887,459141492,0.0,0.0
2025-03-26T10:40:36.511428,1099741929,459141554,42.0,62.0
2025-03-26T10:40:37.512416,1099743805,459143470,1876.0,1916.0
2025-03-26T10:40:38.513418,1099743805,459143470,0.0,0.0
2025-03-26T10:40:39.515219,1099743805,459143470,0.0,0.0
2025-03-26T10:40:40.516979,1099745681,459145386,1876.0,1916.0
2025-03-26T10:40:41.518417,1099745681,459145386,0.0,0.0
2025-03-26T10:40:42.519615,1099745681,459145386,0.0,0.0
2025-03-26T10:40:43.521421,1099747599,459147302,1918.0,1916.0
2025-03-26T10:40:44.522602,1099747641,459147302,42.0,0.0
2025-03-26T10:40:45.524424,1099747683,459147302,42.0,0.0
2025-03-26T10:40:46.525419,1099749559,459149218,1876.0,1916.0
2025-03-26T10:40:47.526399,1099749559,459149218,0.0,0.0
2025-03-26T10:40:48.528424,1099749601,459149218,42.0,0.0
2025-03-26T10:40:49.529437,1099751477,459151134,1876.0,1916.0
2025-03-26T10:40:50.530522,1099751477,459151134,0.0,0.0
2025-03-26T10:40:51.531594,1099751477,459151134,0.0,0.0
2025-03-26T10:40:52.533342,1099753353,459153050,1876.0,1916.0
2025-03-26T10:40:53.535231,1099753353,459153050,0.0,0.0
2025-03-26T10:40:54.536358,1099753353,459153050,0.0,0.0
2025-03-26T10:40:55.537556,1099755229,459154966,1876.0,1916.0
2025-03-26T10:40:56.539421,1099755229,459154966,0.0,0.0
2025-03-26T10:40:57.540471,1099755229,459154966,0.0,0.0
2025-03-26T10:40:58.541422,1099757105,459156882,1876.0,1916.0
2025-03-26T10:40:59.542409,1099765678,459160286,8573.0,3404.0
2025-03-26T10:41:00.543490,1099765678,459160286,0.0,0.0
2025-03-26T10:41:01.544407,1099767554,459162202,1876.0,1916.0
2025-03-26T10:41:02.545505,1099767554,459162202,0.0,0.0
2025-03-26T10:41:03.546449,1099767554,459162202,0.0,0.0
2025-03-26T10:41:04.547431,1099769652,459164290,2098.0,2088.0
2025-03-26T10:41:05.548372,1099769652,459164290,0.0,0.0
2025-03-26T10:41:06.549426,1099769652,459164290,0.0,0.0
2025-03-26T10:41:07.550491,1099771648,459166206,1996.0,1916.0
2025-03-26T10:41:08.551433,1099771702,459166206,54.0,0.0
2025-03-26T10:41:09.552520,1099771756,459166206,54.0,0.0
2025-03-26T10:41:10.553546,1099773632,459168122,1876.0,1916.0
2025-03-26T10:41:11.554401,1099773632,459168122,0.0,0.0
2025-03-26T10:41:12.555545,1099773632,459168122,0.0,0.0
2025-03-26T10:41:13.556537,1099775608,459170038,1976.0,1916.0
2025-03-26T10:41:14.557379,1099775608,459170038,0.0,0.0
2025-03-26T10:41:15.558397,1099775700,459170038,92.0,0.0
2025-03-26T10:41:16.559412,1099777576,459172036,1876.0,1998.0
2025-03-26T10:41:17.560594,1099777576,459172036,0.0,0.0
2025-03-26T10:41:18.562420,1099777576,459172036,0.0,0.0
2025-03-26T10:41:19.563534,1099779452,459173952,1876.0,1916.0
2025-03-26T10:41:20.564595,1099779452,459173952,0.0,0.0
2025-03-26T10:41:21.566415,1099779452,459173952,0.0,0.0
2025-03-26T10:41:22.567426,1099781328,459175868,1876.0,1916.0
2025-03-26T10:41:23.568450,1099781328,459175868,0.0,0.0
2025-03-26T10:41:24.569516,1099781328,459175868,0.0,0.0
2025-03-26T10:41:25.570603,1099783204,459177784,1876.0,1916.0
2025-03-26T10:41:26.577751,1099783204,459177784,0.0,0.0
2025-03-26T10:41:27.579379,1099783204,459177784,0.0,0.0
2025-03-26T10:41:28.580355,1099785080,459179700,1876.0,1916.0
2025-03-26T10:41:29.581433,1099785122,459179700,42.0,0.0
2025-03-26T10:41:30.582425,1099785122,459179700,0.0,0.0
2025-03-26T10:41:31.583360,1099786998,459181616,1876.0,1916.0
2025-03-26T10:41:32.585298,1099786998,459181616,0.0,0.0
2025-03-26T10:41:33.586780,1099787040,459181616,42.0,0.0
2025-03-26T10:41:34.588416,1099788916,459183532,1876.0,1916.0
2025-03-26T10:41:35.589372,1099788916,459183532,0.0,0.0
2025-03-26T10:41:36.590623,1099788916,459183532,0.0,0.0
2025-03-26T10:41:37.592408,1099790792,459185448,1876.0,1916.0
2025-03-26T10:41:38.593390,1099790792,459185448,0.0,0.0
2025-03-26T10:41:39.594605,1099790792,459185448,0.0,0.0
2025-03-26T10:41:40.596471,1099792668,459187364,1876.0,1916.0
2025-03-26T10:41:41.597430,1099792668,459187364,0.0,0.0
2025-03-26T10:41:42.599280,1099792668,459187364,0.0,0.0
2025-03-26T10:41:43.600517,1099794544,459189280,1876.0,1916.0
2025-03-26T10:41:44.601580,1099794544,459189280,0.0,0.0
2025-03-26T10:41:45.603509,1099794544,459189280,0.0,0.0
2025-03-26T10:41:46.604571,1099796420,459191196,1876.0,1916.0
2025-03-26T10:41:47.606593,1099796420,459191196,0.0,0.0
2025-03-26T10:41:48.608607,1099796420,459191196,0.0,0.0
2025-03-26T10:41:49.610309,1099800048,459194864,3628.0,3668.0
2025-03-26T10:41:50.611649,1099800048,459194864,0.0,0.0
2025-03-26T10:41:51.613594,1099800048,459194864,0.0,0.0
