timestamp,rx_bytes,tx_bytes,rx_rate_bps,tx_rate_bps
2025-03-25T09:30:05.214390,871885889,369912304,1936.0,1916.0
2025-03-25T09:30:06.215561,871894929,369912304,9040.0,0.0
2025-03-25T09:30:07.216574,871895066,369912304,137.0,0.0
2025-03-25T09:30:08.218448,871896942,369914220,1876.0,1916.0
2025-03-25T09:30:09.220567,871897121,369914220,179.0,0.0
2025-03-25T09:30:10.222808,871897198,369914220,77.0,0.0
2025-03-25T09:30:11.225028,871899134,369916136,1936.0,1916.0
2025-03-25T09:30:12.226581,871899134,369916136,0.0,0.0
2025-03-25T09:30:13.228505,871899271,369916136,137.0,0.0
2025-03-25T09:30:14.229319,871901147,369918052,1876.0,1916.0
2025-03-25T09:30:15.231030,871901207,369918052,60.0,0.0
2025-03-25T09:30:16.232764,871901284,369918052,77.0,0.0
2025-03-25T09:30:17.234729,871903220,369919968,1936.0,1916.0
2025-03-25T09:30:18.236426,871903220,369919968,0.0,0.0
2025-03-25T09:30:19.237592,871903357,369919968,137.0,0.0
2025-03-25T09:30:20.239470,871905487,369921884,2130.0,1916.0
2025-03-25T09:30:21.240454,871905547,369921884,60.0,0.0
2025-03-25T09:30:22.242293,871905624,369921884,77.0,0.0
2025-03-25T09:30:23.243430,871914634,369926897,9010.0,5013.0
2025-03-25T09:30:24.245603,871933788,369934238,19154.0,7341.0
2025-03-25T09:30:25.247905,871976688,369939461,42900.0,5223.0
2025-03-25T09:30:26.249433,871978564,369941377,1876.0,1916.0
2025-03-25T09:30:27.251162,871978710,369941377,146.0,0.0
2025-03-25T09:30:28.252306,871979403,369942335,693.0,958.0
2025-03-25T09:30:29.254046,871980950,369944385,1547.0,2050.0
2025-03-25T09:30:30.255933,871982578,369944643,1628.0,258.0
2025-03-25T09:30:31.257337,871983653,369945601,1075.0,958.0
2025-03-25T09:30:32.259461,871984591,369946559,938.0,958.0
2025-03-25T09:30:33.260562,871984693,369946559,102.0,0.0
2025-03-25T09:30:34.262430,871985864,369947689,1171.0,1130.0
2025-03-25T09:30:35.264547,871986928,369948647,1064.0,958.0
2025-03-25T09:30:36.266870,871986928,369948647,0.0,0.0
2025-03-25T09:30:37.268384,871988003,369949605,1075.0,958.0
2025-03-25T09:30:38.270542,871988941,369950563,938.0,958.0
2025-03-25T09:30:39.272755,871989001,369950563,60.0,0.0
2025-03-25T09:30:40.274582,871990066,369951521,1065.0,958.0
2025-03-25T09:30:41.276419,871991134,369952479,1068.0,958.0
2025-03-25T09:30:42.278160,871991134,369952479,0.0,0.0
2025-03-25T09:30:43.279929,871992209,369953437,1075.0,958.0
2025-03-25T09:30:44.281792,871993201,369954477,992.0,1040.0
2025-03-25T09:30:45.283505,871993261,369954477,60.0,0.0
2025-03-25T09:30:46.285724,871994276,369955435,1015.0,958.0
2025-03-25T09:30:47.287575,871995382,369956393,1106.0,958.0
2025-03-25T09:30:48.289420,871995436,369956393,54.0,0.0
2025-03-25T09:30:49.291291,871996630,369957351,1194.0,958.0
2025-03-25T09:30:50.292419,871997568,369958309,938.0,958.0
2025-03-25T09:30:51.293374,871997628,369958309,60.0,0.0
2025-03-25T09:30:52.294591,871998643,369959267,1015.0,958.0
2025-03-25T09:30:53.296591,871999641,369960225,998.0,958.0
2025-03-25T09:30:54.298506,871999641,369960225,0.0,0.0
2025-03-25T09:30:55.299413,872000716,369961183,1075.0,958.0
2025-03-25T09:30:56.300395,872001654,369962141,938.0,958.0
2025-03-25T09:30:57.301336,872001800,369962141,146.0,0.0
2025-03-25T09:30:58.302364,872002815,369963099,1015.0,958.0
2025-03-25T09:30:59.304281,872003813,369964057,998.0,958.0
2025-03-25T09:31:00.305333,872003813,369964057,0.0,0.0
2025-03-25T09:31:01.307186,872004888,369965015,1075.0,958.0
2025-03-25T09:31:02.308454,872005826,369965973,938.0,958.0
2025-03-25T09:31:03.309409,872005826,369965973,0.0,0.0
2025-03-25T09:31:04.310416,872007018,369966931,1192.0,958.0
2025-03-25T09:31:05.311425,872008286,369967889,1268.0,958.0
2025-03-25T09:31:06.312391,872008559,369967889,273.0,0.0
2025-03-25T09:31:07.313429,872066631,369975860,58072.0,7971.0
2025-03-25T09:31:08.314434,872067842,369976818,1211.0,958.0
2025-03-25T09:31:09.315426,872067961,369976818,119.0,0.0
2025-03-25T09:31:10.316475,872069036,369977776,1075.0,958.0
2025-03-25T09:31:11.317304,872069974,369978734,938.0,958.0
2025-03-25T09:31:12.318305,872070076,369978796,102.0,62.0
2025-03-25T09:31:13.319476,872071091,369979754,1015.0,958.0
2025-03-25T09:31:14.321223,872072089,369980712,998.0,958.0
2025-03-25T09:31:15.323211,872072131,369980712,42.0,0.0
2025-03-25T09:31:16.325491,872073248,369981670,1117.0,958.0
2025-03-25T09:31:17.326431,872074228,369982628,980.0,958.0
2025-03-25T09:31:18.328554,872074288,369982628,60.0,0.0
2025-03-25T09:31:19.330386,872075303,369983586,1015.0,958.0
2025-03-25T09:31:20.331395,872076301,369984544,998.0,958.0
2025-03-25T09:31:21.332594,872076301,369984544,0.0,0.0
2025-03-25T09:31:22.334456,872077376,369985502,1075.0,958.0
2025-03-25T09:31:23.335598,872078314,369986460,938.0,958.0
2025-03-25T09:31:24.337551,872078374,369986460,60.0,0.0
2025-03-25T09:31:25.338412,872080124,369988766,1750.0,2306.0
2025-03-25T09:31:26.339345,872103473,369998104,23349.0,9338.0
2025-03-25T09:31:27.340509,872150985,370004147,47512.0,6043.0
2025-03-25T09:31:28.341304,872152060,370005105,1075.0,958.0
2025-03-25T09:31:29.342445,872153183,370007093,1123.0,1988.0
2025-03-25T09:31:30.343593,872154649,370007179,1466.0,86.0
2025-03-25T09:31:31.345988,872155664,370008137,1015.0,958.0
2025-03-25T09:31:32.347436,872156884,370009181,1220.0,1044.0
2025-03-25T09:31:33.349584,872156884,370009181,0.0,0.0
2025-03-25T09:31:34.351924,872158181,370010311,1297.0,1130.0
2025-03-25T09:31:35.353804,872159119,370011269,938.0,958.0
2025-03-25T09:31:36.355453,872159179,370011269,60.0,0.0
2025-03-25T09:31:37.357861,872160194,370012227,1015.0,958.0
2025-03-25T09:31:38.360121,872161192,370013185,998.0,958.0
2025-03-25T09:31:39.361602,872161192,370013185,0.0,0.0
2025-03-25T09:31:40.363390,872162267,370014143,1075.0,958.0
2025-03-25T09:31:41.365116,872163205,370015101,938.0,958.0
2025-03-25T09:31:42.366326,872163265,370015101,60.0,0.0
2025-03-25T09:31:43.368076,872164322,370016059,1057.0,958.0
2025-03-25T09:31:44.369337,872165362,370017017,1040.0,958.0
2025-03-25T09:31:45.370402,872165404,370017017,42.0,0.0
2025-03-25T09:31:46.371362,872166521,370017975,1117.0,958.0
2025-03-25T09:31:47.372383,872167501,370018933,980.0,958.0
2025-03-25T09:31:48.374579,872167603,370018933,102.0,0.0
2025-03-25T09:31:49.376788,872168779,370019891,1176.0,958.0
2025-03-25T09:31:50.378599,872169819,370020849,1040.0,958.0
2025-03-25T09:31:51.380577,872169861,370020849,42.0,0.0
2025-03-25T09:31:52.382751,872170936,370021807,1075.0,958.0
2025-03-25T09:31:53.384987,872171916,370022765,980.0,958.0
2025-03-25T09:31:54.386407,872172084,370022851,168.0,86.0
2025-03-25T09:31:55.387292,872173099,370023809,1015.0,958.0
2025-03-25T09:31:56.388285,872174181,370024767,1082.0,958.0
2025-03-25T09:31:57.389379,872174386,370024767,205.0,0.0
2025-03-25T09:31:58.390322,872175384,370025725,998.0,958.0
2025-03-25T09:31:59.391393,872176406,370026745,1022.0,1020.0
2025-03-25T09:32:00.393456,872176508,370026745,102.0,0.0
2025-03-25T09:32:01.394431,872180255,370030413,3747.0,3668.0
2025-03-25T09:32:02.395382,872180297,370030413,42.0,0.0
2025-03-25T09:32:03.396463,872180339,370030413,42.0,0.0
2025-03-25T09:32:04.397458,872181071,370031063,732.0,650.0
