timestamp,rx_bytes,tx_bytes,rx_rate_bps,tx_rate_bps
2025-03-25T16:19:43.349964,971631994,394534366,1876.0,1916.0
2025-03-25T16:19:44.351346,971632036,394534366,42.0,0.0
2025-03-25T16:19:45.352553,971632078,394534366,42.0,0.0
2025-03-25T16:19:46.354717,971633996,394536282,1918.0,1916.0
2025-03-25T16:19:47.356906,971633996,394536282,0.0,0.0
2025-03-25T16:19:48.358401,971634038,394536282,42.0,0.0
2025-03-25T16:19:49.359643,971635956,394538198,1918.0,1916.0
2025-03-25T16:19:50.361402,971635998,394538198,42.0,0.0
2025-03-25T16:19:51.362352,971636040,394538198,42.0,0.0
2025-03-25T16:19:52.364192,971637916,394540114,1876.0,1916.0
2025-03-25T16:19:53.365324,971637958,394540114,42.0,0.0
2025-03-25T16:19:54.366285,971637958,394540114,0.0,0.0
2025-03-25T16:19:55.367990,971639876,394542030,1918.0,1916.0
2025-03-25T16:19:56.369739,971639918,394542030,42.0,0.0
2025-03-25T16:19:57.371508,971639960,394542030,42.0,0.0
2025-03-25T16:19:58.373743,971641878,394543946,1918.0,1916.0
2025-03-25T16:19:59.375402,971641920,394543946,42.0,0.0
2025-03-25T16:20:00.376368,971642032,394543946,112.0,0.0
2025-03-25T16:20:01.377532,971643950,394545862,1918.0,1916.0
2025-03-25T16:20:02.379719,971643992,394545862,42.0,0.0
2025-03-25T16:20:03.382034,971644034,394545862,42.0,0.0
2025-03-25T16:20:04.384212,971645910,394547778,1876.0,1916.0
2025-03-25T16:20:05.386048,971645952,394547778,42.0,0.0
2025-03-25T16:20:06.388055,971652969,394547778,7017.0,0.0
2025-03-25T16:20:07.389456,971654887,394549694,1918.0,1916.0
2025-03-25T16:20:08.391624,971654929,394549694,42.0,0.0
2025-03-25T16:20:09.393427,971654971,394549694,42.0,0.0
2025-03-25T16:20:10.395585,971656889,394551610,1918.0,1916.0
2025-03-25T16:20:11.397609,971656889,394551610,0.0,0.0
2025-03-25T16:20:12.399435,971656931,394551610,42.0,0.0
2025-03-25T16:20:13.400424,971658849,394553526,1918.0,1916.0
2025-03-25T16:20:14.402324,971658891,394553526,42.0,0.0
2025-03-25T16:20:15.404207,971658933,394553526,42.0,0.0
2025-03-25T16:20:16.406100,971660851,394555442,1918.0,1916.0
2025-03-25T16:20:17.407923,971660893,394555442,42.0,0.0
2025-03-25T16:20:18.409615,971660893,394555442,0.0,0.0
2025-03-25T16:20:19.411387,971662811,394557358,1918.0,1916.0
2025-03-25T16:20:20.413129,971662853,394557358,42.0,0.0
2025-03-25T16:20:21.414592,971662895,394557358,42.0,0.0
2025-03-25T16:20:22.416796,971664813,394559274,1918.0,1916.0
2025-03-25T16:20:23.418831,971664897,394559274,84.0,0.0
2025-03-25T16:20:24.420416,971664939,394559274,42.0,0.0
2025-03-25T16:20:25.421443,971666857,394561190,1918.0,1916.0
2025-03-25T16:20:26.423605,971666899,394561190,42.0,0.0
2025-03-25T16:20:27.425853,971666899,394561190,0.0,0.0
2025-03-25T16:20:28.428049,971668817,394563106,1918.0,1916.0
2025-03-25T16:20:29.430154,971677398,394566476,8581.0,3370.0
2025-03-25T16:20:30.431623,971677440,394566476,42.0,0.0
2025-03-25T16:20:31.433548,971679316,394568392,1876.0,1916.0
2025-03-25T16:20:32.435540,971679358,394568392,42.0,0.0
2025-03-25T16:20:33.437789,971679400,394568392,42.0,0.0
2025-03-25T16:20:34.439993,971681540,394570542,2140.0,2150.0
2025-03-25T16:20:35.442197,971681582,394570604,42.0,62.0
2025-03-25T16:20:36.444039,971681624,394570604,42.0,0.0
2025-03-25T16:20:37.445611,971683542,394572520,1918.0,1916.0
2025-03-25T16:20:38.447479,971683584,394572520,42.0,0.0
2025-03-25T16:20:39.449215,971683626,394572520,42.0,0.0
2025-03-25T16:20:40.450336,971685544,394574436,1918.0,1916.0
2025-03-25T16:20:41.452057,971685586,394574436,42.0,0.0
2025-03-25T16:20:42.453947,971685586,394574436,0.0,0.0
2025-03-25T16:20:43.455662,971687504,394576352,1918.0,1916.0
2025-03-25T16:20:44.457412,971687546,394576352,42.0,0.0
2025-03-25T16:20:45.459340,971687588,394576352,42.0,0.0
2025-03-25T16:20:46.461456,971689506,394578268,1918.0,1916.0
2025-03-25T16:20:47.463635,971689548,394578268,42.0,0.0
2025-03-25T16:20:48.465479,971689590,394578268,42.0,0.0
2025-03-25T16:20:49.466413,971691508,394580184,1918.0,1916.0
2025-03-25T16:20:50.467434,971691550,394580184,42.0,0.0
2025-03-25T16:20:51.469267,971691592,394580184,42.0,0.0
2025-03-25T16:20:52.471092,971693468,394582100,1876.0,1916.0
2025-03-25T16:20:53.472951,971693510,394582100,42.0,0.0
2025-03-25T16:20:54.474909,971693594,394582100,84.0,0.0
2025-03-25T16:20:55.476744,971695554,394584016,1960.0,1916.0
2025-03-25T16:20:56.478376,971695596,394584016,42.0,0.0
2025-03-25T16:20:57.479377,971695638,394584016,42.0,0.0
2025-03-25T16:20:58.481206,971697556,394585932,1918.0,1916.0
2025-03-25T16:20:59.483369,971697556,394585932,0.0,0.0
2025-03-25T16:21:00.484567,971697598,394585932,42.0,0.0
2025-03-25T16:21:01.485388,971699516,394587848,1918.0,1916.0
2025-03-25T16:21:02.486423,971699558,394587848,42.0,0.0
2025-03-25T16:21:03.487412,971699600,394587848,42.0,0.0
2025-03-25T16:21:04.489294,971701518,394589764,1918.0,1916.0
2025-03-25T16:21:05.491199,971701560,394589764,42.0,0.0
2025-03-25T16:21:06.492945,971701610,394589846,50.0,82.0
2025-03-25T16:21:07.494635,971703528,394591762,1918.0,1916.0
2025-03-25T16:21:08.496337,971703624,394591762,96.0,0.0
2025-03-25T16:21:09.498055,971703666,394591762,42.0,0.0
2025-03-25T16:21:10.499337,971705630,394593678,1964.0,1916.0
2025-03-25T16:21:11.501457,971705672,394593678,42.0,0.0
2025-03-25T16:21:12.503640,971705822,394593678,150.0,0.0
2025-03-25T16:21:13.505475,971707740,394595594,1918.0,1916.0
2025-03-25T16:21:14.507325,971707828,394595594,88.0,0.0
2025-03-25T16:21:15.508591,971707916,394595594,88.0,0.0
2025-03-25T16:21:16.510884,971709792,394597510,1876.0,1916.0
2025-03-25T16:21:17.513107,971709792,394597510,0.0,0.0
2025-03-25T16:21:18.515317,971709792,394597510,0.0,0.0
2025-03-25T16:21:19.517604,971711668,394599426,1876.0,1916.0
2025-03-25T16:21:20.519908,971711668,394599426,0.0,0.0
2025-03-25T16:21:21.521452,971711668,394599426,0.0,0.0
2025-03-25T16:21:22.522573,971713544,394601342,1876.0,1916.0
2025-03-25T16:21:23.524400,971713544,394601342,0.0,0.0
2025-03-25T16:21:24.525577,971713544,394601342,0.0,0.0
2025-03-25T16:21:25.526588,971715420,394603258,1876.0,1916.0
2025-03-25T16:21:26.528452,971715420,394603258,0.0,0.0
2025-03-25T16:21:27.530315,971715420,394603258,0.0,0.0
2025-03-25T16:21:28.531623,971717296,394605174,1876.0,1916.0
2025-03-25T16:21:29.533607,971725274,394608013,7978.0,2839.0
2025-03-25T16:21:30.535395,971725274,394608013,0.0,0.0
2025-03-25T16:21:31.536319,971727150,394609929,1876.0,1916.0
2025-03-25T16:21:32.538095,971727150,394609929,0.0,0.0
2025-03-25T16:21:33.539822,971727150,394609929,0.0,0.0
2025-03-25T16:21:34.541463,971729290,394612079,2140.0,2150.0
2025-03-25T16:21:35.543188,971729290,394612079,0.0,0.0
2025-03-25T16:21:36.544951,971729290,394612079,0.0,0.0
2025-03-25T16:21:37.547049,971731166,394613995,1876.0,1916.0
2025-03-25T16:21:38.549232,971731166,394613995,0.0,0.0
2025-03-25T16:21:39.550589,971731166,394613995,0.0,0.0
2025-03-25T16:21:40.552526,971734486,394617355,3320.0,3360.0
2025-03-25T16:21:41.553430,971734486,394617355,0.0,0.0
2025-03-25T16:21:42.554556,971734486,394617355,0.0,0.0
