timestamp,rx_bytes,tx_bytes,rx_rate_bps,tx_rate_bps
2025-03-27T08:35:01.138455,1321839255,542444079,1876.0,1916.0
2025-03-27T08:35:02.139754,1321839255,542444079,0.0,0.0
2025-03-27T08:35:03.141301,1321839255,542444079,0.0,0.0
2025-03-27T08:35:04.142295,1321841131,542445995,1876.0,1916.0
2025-03-27T08:35:05.143362,1321841353,542446167,222.0,172.0
2025-03-27T08:35:06.144431,1321841353,542446167,0.0,0.0
2025-03-27T08:35:07.146764,1321843229,542448083,1876.0,1916.0
2025-03-27T08:35:08.148399,1321843229,542448083,0.0,0.0
2025-03-27T08:35:09.149415,1321843229,542448083,0.0,0.0
2025-03-27T08:35:10.150569,1321845105,542449999,1876.0,1916.0
2025-03-27T08:35:11.151384,1321845105,542449999,0.0,0.0
2025-03-27T08:35:12.153540,1321845105,542449999,0.0,0.0
2025-03-27T08:35:13.154370,1321846981,542451915,1876.0,1916.0
2025-03-27T08:35:14.155303,1321846981,542451915,0.0,0.0
2025-03-27T08:35:15.156526,1321846981,542451915,0.0,0.0
2025-03-27T08:35:16.157765,1321848857,542453831,1876.0,1916.0
2025-03-27T08:35:17.159639,1321848857,542453831,0.0,0.0
2025-03-27T08:35:18.161561,1321848857,542453831,0.0,0.0
2025-03-27T08:35:19.162574,1321850733,542455747,1876.0,1916.0
2025-03-27T08:35:20.164951,1321850733,542455747,0.0,0.0
2025-03-27T08:35:21.166395,1321850733,542455747,0.0,0.0
2025-03-27T08:35:22.167438,1321852609,542457663,1876.0,1916.0
2025-03-27T08:35:23.169523,1321852609,542457663,0.0,0.0
2025-03-27T08:35:24.170409,1321852609,542457663,0.0,0.0
2025-03-27T08:35:25.172248,1321854485,542459579,1876.0,1916.0
2025-03-27T08:35:26.173363,1321854485,542459579,0.0,0.0
2025-03-27T08:35:27.174833,1321854485,542459579,0.0,0.0
2025-03-27T08:35:28.177218,1321856361,542461495,1876.0,1916.0
2025-03-27T08:35:29.178401,1321856493,542461667,132.0,172.0
2025-03-27T08:35:30.179952,1321856493,542461667,0.0,0.0
2025-03-27T08:35:31.181433,1321858930,542464208,2437.0,2541.0
2025-03-27T08:35:32.182622,1321884563,542473987,25633.0,9779.0
2025-03-27T08:35:33.184400,1321927463,542479554,42900.0,5567.0
2025-03-27T08:35:34.185383,1321929381,542481532,1918.0,1978.0
2025-03-27T08:35:35.186284,1321929381,542481532,0.0,0.0
2025-03-27T08:35:36.187360,1321929381,542481532,0.0,0.0
2025-03-27T08:35:37.188423,1321931257,542483448,1876.0,1916.0
2025-03-27T08:35:38.190554,1321931701,542483706,444.0,258.0
2025-03-27T08:35:39.191411,1321931701,542483706,0.0,0.0
2025-03-27T08:35:40.192381,1321933577,542485622,1876.0,1916.0
2025-03-27T08:35:41.194547,1321933577,542485622,0.0,0.0
2025-03-27T08:35:42.196325,1321933577,542485622,0.0,0.0
2025-03-27T08:35:43.198475,1321935453,542487538,1876.0,1916.0
2025-03-27T08:35:44.199307,1321935549,542487538,96.0,0.0
2025-03-27T08:35:45.200366,1321935549,542487538,0.0,0.0
2025-03-27T08:35:46.201361,1321937425,542489454,1876.0,1916.0
2025-03-27T08:35:47.202421,1321937525,542489536,100.0,82.0
2025-03-27T08:35:48.203499,1321937525,542489536,0.0,0.0
2025-03-27T08:35:49.205352,1321939447,542491452,1922.0,1916.0
2025-03-27T08:35:50.206417,1321996026,542498236,56579.0,6784.0
2025-03-27T08:35:51.208627,1321996080,542498236,54.0,0.0
2025-03-27T08:35:52.210554,1321997956,542500152,1876.0,1916.0
2025-03-27T08:35:53.211445,1321997956,542500152,0.0,0.0
2025-03-27T08:35:54.213414,1321997956,542500152,0.0,0.0
2025-03-27T08:35:55.215162,1321999874,542502068,1918.0,1916.0
2025-03-27T08:35:56.216881,1321999916,542502068,42.0,0.0
2025-03-27T08:35:57.218649,1321999958,542502068,42.0,0.0
2025-03-27T08:35:58.220493,1322001834,542503984,1876.0,1916.0
2025-03-27T08:35:59.222468,1322007355,542506651,5521.0,2667.0
2025-03-27T08:36:00.223611,1322009854,542506823,2499.0,172.0
2025-03-27T08:36:01.225502,1322011772,542508739,1918.0,1916.0
2025-03-27T08:36:02.227887,1322011772,542508739,0.0,0.0
2025-03-27T08:36:03.229772,1322011772,542508739,0.0,0.0
2025-03-27T08:36:04.231982,1322013648,542510655,1876.0,1916.0
2025-03-27T08:36:05.233278,1322013870,542510827,222.0,172.0
2025-03-27T08:36:06.234508,1322019890,542510827,6020.0,0.0
2025-03-27T08:36:07.235392,1322022814,542512743,2924.0,1916.0
2025-03-27T08:36:08.236372,1322022814,542512743,0.0,0.0
2025-03-27T08:36:09.237576,1322022814,542512743,0.0,0.0
2025-03-27T08:36:10.239329,1322024690,542514659,1876.0,1916.0
2025-03-27T08:36:11.240412,1322024690,542514659,0.0,0.0
2025-03-27T08:36:12.241411,1322024690,542514659,0.0,0.0
2025-03-27T08:36:13.242568,1322026566,542516575,1876.0,1916.0
2025-03-27T08:36:14.243467,1322026632,542516661,66.0,86.0
2025-03-27T08:36:15.244599,1322026632,542516661,0.0,0.0
2025-03-27T08:36:16.246431,1322028508,542518577,1876.0,1916.0
2025-03-27T08:36:17.247472,1322028508,542518577,0.0,0.0
2025-03-27T08:36:18.248425,1322028508,542518577,0.0,0.0
2025-03-27T08:36:19.249368,1322030384,542520493,1876.0,1916.0
2025-03-27T08:36:20.250418,1322030384,542520493,0.0,0.0
2025-03-27T08:36:21.251524,1322030384,542520493,0.0,0.0
2025-03-27T08:36:22.253365,1322032260,542522409,1876.0,1916.0
2025-03-27T08:36:23.254452,1322032302,542522409,42.0,0.0
2025-03-27T08:36:24.255446,1322032344,542522409,42.0,0.0
2025-03-27T08:36:25.256413,1322034262,542524325,1918.0,1916.0
2025-03-27T08:36:26.258278,1322034304,542524325,42.0,0.0
2025-03-27T08:36:27.259442,1322034304,542524325,0.0,0.0
2025-03-27T08:36:28.261465,1322036180,542526241,1876.0,1916.0
2025-03-27T08:36:29.262424,1322036180,542526241,0.0,0.0
2025-03-27T08:36:30.263614,1322036180,542526241,0.0,0.0
2025-03-27T08:36:31.265888,1322038056,542528157,1876.0,1916.0
2025-03-27T08:36:32.268112,1322038098,542528157,42.0,0.0
2025-03-27T08:36:33.270006,1322045204,542531220,7106.0,3063.0
2025-03-27T08:36:34.272340,1322066168,542540477,20964.0,9257.0
2025-03-27T08:36:35.274342,1322109068,542545786,42900.0,5309.0
2025-03-27T08:36:36.276408,1322109068,542545786,0.0,0.0
2025-03-27T08:36:37.278413,1322110944,542547702,1876.0,1916.0
2025-03-27T08:36:38.280262,1322111052,542547850,108.0,148.0
2025-03-27T08:36:39.282092,1322111052,542547850,0.0,0.0
2025-03-27T08:36:40.283840,1322113372,542550024,2320.0,2174.0
2025-03-27T08:36:41.285430,1322113372,542550024,0.0,0.0
2025-03-27T08:36:42.287425,1322113372,542550024,0.0,0.0
2025-03-27T08:36:43.289230,1322115248,542551940,1876.0,1916.0
2025-03-27T08:36:44.291381,1322115248,542551940,0.0,0.0
2025-03-27T08:36:45.293518,1322115248,542551940,0.0,0.0
2025-03-27T08:36:46.295375,1322117124,542553856,1876.0,1916.0
2025-03-27T08:36:47.296587,1322117124,542553856,0.0,0.0
2025-03-27T08:36:48.298322,1322117178,542553856,54.0,0.0
2025-03-27T08:36:49.300111,1322119054,542555772,1876.0,1916.0
2025-03-27T08:36:50.301530,1322119054,542555772,0.0,0.0
2025-03-27T08:36:51.302402,1322119054,542555772,0.0,0.0
2025-03-27T08:36:52.304565,1322120930,542557688,1876.0,1916.0
2025-03-27T08:36:53.305396,1322120930,542557688,0.0,0.0
2025-03-27T08:36:54.307234,1322120930,542557688,0.0,0.0
2025-03-27T08:36:55.309408,1322122806,542559604,1876.0,1916.0
2025-03-27T08:36:56.310418,1322122806,542559604,0.0,0.0
2025-03-27T08:36:57.311565,1322125496,542562314,2690.0,2710.0
2025-03-27T08:36:58.312345,1322126126,542562964,630.0,650.0
2025-03-27T08:36:59.314239,1322132671,542565717,6545.0,2753.0
2025-03-27T08:37:00.315403,1322134104,542565803,1433.0,86.0
