timestamp,rx_bytes,tx_bytes,rx_rate_bps,tx_rate_bps
2025-03-27T06:10:33.707465,1305826441,533458010,1936.0,1916.0
2025-03-27T06:10:34.708445,1305826518,533458010,77.0,0.0
2025-03-27T06:10:35.710189,1305826578,533458010,60.0,0.0
2025-03-27T06:10:36.711922,1305828454,533459926,1876.0,1916.0
2025-03-27T06:10:37.713720,1305828591,533459926,137.0,0.0
2025-03-27T06:10:38.715383,1305828591,533459926,0.0,0.0
2025-03-27T06:10:39.716419,1305830527,533461842,1936.0,1916.0
2025-03-27T06:10:40.718312,1305832572,533465931,2045.0,4089.0
2025-03-27T06:10:41.719419,1305895247,533468371,62675.0,2440.0
2025-03-27T06:10:42.720422,1305897123,533470287,1876.0,1916.0
2025-03-27T06:10:43.722599,1305897260,533470287,137.0,0.0
2025-03-27T06:10:44.724403,1305897260,533470287,0.0,0.0
2025-03-27T06:10:45.725430,1305899238,533472203,1978.0,1916.0
2025-03-27T06:10:46.726573,1305899399,533472265,161.0,62.0
2025-03-27T06:10:47.727364,1305899501,533472265,102.0,0.0
2025-03-27T06:10:48.729219,1305901377,533474181,1876.0,1916.0
2025-03-27T06:10:49.731266,1305901514,533474181,137.0,0.0
2025-03-27T06:10:50.732450,1305901514,533474181,0.0,0.0
2025-03-27T06:10:51.734860,1305923356,533483701,21842.0,9520.0
2025-03-27T06:10:52.737089,1305972544,533491896,49188.0,8195.0
2025-03-27T06:10:53.738386,1305972604,533491896,60.0,0.0
2025-03-27T06:10:54.740637,1305974480,533493812,1876.0,1916.0
2025-03-27T06:10:55.742863,1305974617,533493812,137.0,0.0
2025-03-27T06:10:56.744412,1305974617,533493812,0.0,0.0
2025-03-27T06:10:57.746566,1305976997,533495986,2380.0,2174.0
2025-03-27T06:10:58.748278,1305977074,533495986,77.0,0.0
2025-03-27T06:10:59.750040,1305985112,533498825,8038.0,2839.0
2025-03-27T06:11:00.751847,1305986988,533500741,1876.0,1916.0
2025-03-27T06:11:01.753415,1305987191,533500827,203.0,86.0
2025-03-27T06:11:02.755560,1305987191,533500827,0.0,0.0
2025-03-27T06:11:03.757845,1305989127,533502743,1936.0,1916.0
2025-03-27T06:11:04.759464,1305989426,533502915,299.0,172.0
2025-03-27T06:11:05.761648,1305989426,533502915,0.0,0.0
2025-03-27T06:11:06.763465,1305991302,533504831,1876.0,1916.0
2025-03-27T06:11:07.764415,1305991439,533504831,137.0,0.0
2025-03-27T06:11:08.766574,1305991439,533504831,0.0,0.0
2025-03-27T06:11:09.768453,1305993375,533506747,1936.0,1916.0
2025-03-27T06:11:10.769524,1305993452,533506747,77.0,0.0
2025-03-27T06:11:11.770393,1305993512,533506747,60.0,0.0
2025-03-27T06:11:12.771369,1305995388,533508663,1876.0,1916.0
2025-03-27T06:11:13.772402,1305995525,533508663,137.0,0.0
2025-03-27T06:11:14.774378,1305995525,533508663,0.0,0.0
2025-03-27T06:11:15.775443,1305997461,533510579,1936.0,1916.0
2025-03-27T06:11:16.777418,1305997538,533510579,77.0,0.0
2025-03-27T06:11:17.779620,1305997598,533510579,60.0,0.0
2025-03-27T06:11:18.781436,1305999474,533512495,1876.0,1916.0
2025-03-27T06:11:19.782448,1305999611,533512495,137.0,0.0
2025-03-27T06:11:20.784647,1305999611,533512495,0.0,0.0
2025-03-27T06:11:21.786376,1306001547,533514411,1936.0,1916.0
2025-03-27T06:11:22.788238,1306001624,533514411,77.0,0.0
2025-03-27T06:11:23.790071,1306001684,533514411,60.0,0.0
2025-03-27T06:11:24.791374,1306003560,533516327,1876.0,1916.0
2025-03-27T06:11:25.793264,1306003697,533516327,137.0,0.0
2025-03-27T06:11:26.794426,1306003763,533516413,66.0,86.0
2025-03-27T06:11:27.795382,1306005699,533518329,1936.0,1916.0
2025-03-27T06:11:28.796540,1306005818,533518329,119.0,0.0
2025-03-27T06:11:29.798418,1306005878,533518329,60.0,0.0
2025-03-27T06:11:30.799554,1306007754,533520245,1876.0,1916.0
2025-03-27T06:11:31.800423,1306007856,533520307,102.0,62.0
2025-03-27T06:11:32.802431,1306007856,533520307,0.0,0.0
2025-03-27T06:11:33.804359,1306009792,533522223,1936.0,1916.0
2025-03-27T06:11:34.805395,1306010158,533522223,366.0,0.0
2025-03-27T06:11:35.806394,1306010218,533522223,60.0,0.0
2025-03-27T06:11:36.807497,1306012094,533524139,1876.0,1916.0
2025-03-27T06:11:37.809435,1306012231,533524139,137.0,0.0
2025-03-27T06:11:38.810403,1306012231,533524139,0.0,0.0
2025-03-27T06:11:39.811396,1306014107,533526055,1876.0,1916.0
2025-03-27T06:11:40.813449,1306014244,533526055,137.0,0.0
2025-03-27T06:11:41.814580,1306014304,533526055,60.0,0.0
2025-03-27T06:11:42.816476,1306016180,533527971,1876.0,1916.0
2025-03-27T06:11:43.817448,1306016257,533527971,77.0,0.0
2025-03-27T06:11:44.818360,1306016359,533527971,102.0,0.0
2025-03-27T06:11:45.820156,1306018235,533529887,1876.0,1916.0
2025-03-27T06:11:46.822171,1306018372,533529973,137.0,86.0
2025-03-27T06:11:47.823577,1306018438,533529973,66.0,0.0
2025-03-27T06:11:48.825661,1306020374,533531889,1936.0,1916.0
2025-03-27T06:11:49.827611,1306020451,533531889,77.0,0.0
2025-03-27T06:11:50.829481,1306020511,533531889,60.0,0.0
2025-03-27T06:11:51.831566,1306022387,533533805,1876.0,1916.0
2025-03-27T06:11:52.832727,1306022489,533533867,102.0,62.0
2025-03-27T06:11:53.834434,1306042395,533541385,19906.0,7518.0
2025-03-27T06:11:54.835428,1306093519,533551840,51124.0,10455.0
2025-03-27T06:11:55.836476,1306093596,533551840,77.0,0.0
2025-03-27T06:11:56.837422,1306093656,533551840,60.0,0.0
2025-03-27T06:11:57.838375,1306095532,533553756,1876.0,1916.0
2025-03-27T06:11:58.839650,1306095773,533553756,241.0,0.0
2025-03-27T06:11:59.841520,1306097467,533555044,1694.0,1288.0
2025-03-27T06:12:00.843579,1306099403,533556960,1936.0,1916.0
2025-03-27T06:12:01.844342,1306099480,533556960,77.0,0.0
2025-03-27T06:12:02.846442,1306099540,533556960,60.0,0.0
2025-03-27T06:12:03.848564,1306101486,533558876,1946.0,1916.0
2025-03-27T06:12:04.849429,1306101899,533559130,413.0,254.0
2025-03-27T06:12:05.850736,1306103880,533559130,1981.0,0.0
2025-03-27T06:12:06.852369,1306113949,533561046,10069.0,1916.0
2025-03-27T06:12:07.853359,1306113995,533561046,46.0,0.0
2025-03-27T06:12:08.855165,1306114109,533561046,114.0,0.0
2025-03-27T06:12:09.856442,1306115985,533562962,1876.0,1916.0
2025-03-27T06:12:10.857397,1306116122,533562962,137.0,0.0
2025-03-27T06:12:11.859545,1306116473,533563146,351.0,184.0
2025-03-27T06:12:12.860419,1306118409,533565062,1936.0,1916.0
2025-03-27T06:12:13.861724,1306118486,533565062,77.0,0.0
2025-03-27T06:12:14.864016,1306118546,533565062,60.0,0.0
2025-03-27T06:12:15.865421,1306120422,533566978,1876.0,1916.0
2025-03-27T06:12:16.866614,1306120601,533567040,179.0,62.0
2025-03-27T06:12:17.868558,1306120601,533567040,0.0,0.0
2025-03-27T06:12:18.870343,1306122591,533568956,1990.0,1916.0
2025-03-27T06:12:19.871377,1306122668,533568956,77.0,0.0
2025-03-27T06:12:20.873184,1306122728,533568956,60.0,0.0
2025-03-27T06:12:21.875016,1306124604,533570872,1876.0,1916.0
2025-03-27T06:12:22.877220,1306124741,533570872,137.0,0.0
2025-03-27T06:12:23.879190,1306124741,533570872,0.0,0.0
2025-03-27T06:12:24.881226,1306126677,533572788,1936.0,1916.0
2025-03-27T06:12:25.883412,1306126754,533572788,77.0,0.0
2025-03-27T06:12:26.885409,1306126814,533572788,60.0,0.0
2025-03-27T06:12:27.887318,1306128690,533574704,1876.0,1916.0
2025-03-27T06:12:28.889510,1306128827,533574704,137.0,0.0
2025-03-27T06:12:29.890579,1306131517,533577414,2690.0,2710.0
2025-03-27T06:12:30.892417,1306132207,533578064,690.0,650.0
2025-03-27T06:12:31.893371,1306132284,533578064,77.0,0.0
2025-03-27T06:12:32.894462,1306132344,533578064,60.0,0.0
