timestamp,rx_bytes,tx_bytes,rx_rate_bps,tx_rate_bps
2025-03-25T01:52:23.108282,816505986,343223374,1876.0,1916.0
2025-03-25T01:52:24.109380,816505986,343223374,0.0,0.0
2025-03-25T01:52:25.110525,816505986,343223374,0.0,0.0
2025-03-25T01:52:26.111505,816507916,343225290,1930.0,1916.0
2025-03-25T01:52:27.112312,816507962,343225372,46.0,82.0
2025-03-25T01:52:28.114026,816508016,343225372,54.0,0.0
2025-03-25T01:52:29.115312,816509892,343227288,1876.0,1916.0
2025-03-25T01:52:30.117454,816509946,343227288,54.0,0.0
2025-03-25T01:52:31.119290,816509946,343227288,0.0,0.0
2025-03-25T01:52:32.121139,816511864,343229204,1918.0,1916.0
2025-03-25T01:52:33.123160,816511864,343229204,0.0,0.0
2025-03-25T01:52:34.125374,816511864,343229204,0.0,0.0
2025-03-25T01:52:35.127324,816513740,343231120,1876.0,1916.0
2025-03-25T01:52:36.128391,816513740,343231120,0.0,0.0
2025-03-25T01:52:37.130258,816513740,343231120,0.0,0.0
2025-03-25T01:52:38.132394,816549907,343248267,36167.0,17147.0
2025-03-25T01:52:39.134531,816584744,343248697,34837.0,430.0
2025-03-25T01:52:40.135562,816584744,343248697,0.0,0.0
2025-03-25T01:52:41.136441,816586620,343250613,1876.0,1916.0
2025-03-25T01:52:42.138332,816586620,343250613,0.0,0.0
2025-03-25T01:52:43.139323,816586662,343250795,42.0,182.0
2025-03-25T01:52:44.141129,816589418,343252969,2756.0,2174.0
2025-03-25T01:52:45.142384,816589418,343252969,0.0,0.0
2025-03-25T01:52:46.143432,816589418,343252969,0.0,0.0
2025-03-25T01:52:47.145159,816591294,343254885,1876.0,1916.0
2025-03-25T01:52:48.147343,816591294,343254885,0.0,0.0
2025-03-25T01:52:49.148438,816591294,343254885,0.0,0.0
2025-03-25T01:52:50.149602,816593170,343256801,1876.0,1916.0
2025-03-25T01:52:51.151456,816593170,343256801,0.0,0.0
2025-03-25T01:52:52.153564,816593170,343256801,0.0,0.0
2025-03-25T01:52:53.155554,816595046,343258717,1876.0,1916.0
2025-03-25T01:52:54.156593,816595046,343258717,0.0,0.0
2025-03-25T01:52:55.158394,816595046,343258717,0.0,0.0
2025-03-25T01:52:56.159410,816596922,343260633,1876.0,1916.0
2025-03-25T01:52:57.160490,816596922,343260633,0.0,0.0
2025-03-25T01:52:58.161398,816596922,343260633,0.0,0.0
2025-03-25T01:52:59.162576,816598798,343262643,1876.0,2010.0
2025-03-25T01:53:00.164575,816606776,343265388,7978.0,2745.0
2025-03-25T01:53:01.166527,816606776,343265388,0.0,0.0
2025-03-25T01:53:02.168236,816608652,343267304,1876.0,1916.0
2025-03-25T01:53:03.170014,816608652,343267304,0.0,0.0
2025-03-25T01:53:04.171883,816608652,343267304,0.0,0.0
2025-03-25T01:53:05.174170,816610750,343269392,2098.0,2088.0
2025-03-25T01:53:06.175443,816610750,343269392,0.0,0.0
2025-03-25T01:53:07.176580,816610750,343269392,0.0,0.0
2025-03-25T01:53:08.178268,816612626,343271308,1876.0,1916.0
2025-03-25T01:53:09.180284,816612626,343271308,0.0,0.0
2025-03-25T01:53:10.181426,816612626,343271308,0.0,0.0
2025-03-25T01:53:11.182925,816614502,343273224,1876.0,1916.0
2025-03-25T01:53:12.184862,816614572,343273224,70.0,0.0
2025-03-25T01:53:13.186543,816614572,343273224,0.0,0.0
2025-03-25T01:53:14.188483,816616448,343275140,1876.0,1916.0
2025-03-25T01:53:15.189392,816616448,343275140,0.0,0.0
2025-03-25T01:53:16.190367,816616448,343275140,0.0,0.0
2025-03-25T01:53:17.191407,816618324,343277056,1876.0,1916.0
2025-03-25T01:53:18.192363,816618324,343277056,0.0,0.0
2025-03-25T01:53:19.193297,816618324,343277056,0.0,0.0
2025-03-25T01:53:20.194253,816620200,343278972,1876.0,1916.0
2025-03-25T01:53:21.196066,816620200,343278972,0.0,0.0
2025-03-25T01:53:22.197455,816620200,343278972,0.0,0.0
2025-03-25T01:53:23.199601,816622076,343280888,1876.0,1916.0
2025-03-25T01:53:24.201427,816622076,343280888,0.0,0.0
2025-03-25T01:53:25.203274,816622076,343280888,0.0,0.0
2025-03-25T01:53:26.205387,816623952,343282804,1876.0,1916.0
2025-03-25T01:53:27.207565,816623952,343282804,0.0,0.0
2025-03-25T01:53:28.209391,816623952,343282804,0.0,0.0
2025-03-25T01:53:29.210469,816625870,343284720,1918.0,1916.0
2025-03-25T01:53:30.212628,816625870,343284720,0.0,0.0
2025-03-25T01:53:31.214634,816625870,343284720,0.0,0.0
2025-03-25T01:53:32.216587,816627746,343286636,1876.0,1916.0
2025-03-25T01:53:33.218406,816627746,343286636,0.0,0.0
2025-03-25T01:53:34.220399,816627746,343286636,0.0,0.0
2025-03-25T01:53:35.222402,816629622,343288552,1876.0,1916.0
2025-03-25T01:53:36.223388,816629622,343288552,0.0,0.0
2025-03-25T01:53:37.225397,816629622,343288552,0.0,0.0
2025-03-25T01:53:38.226573,816631498,343290468,1876.0,1916.0
2025-03-25T01:53:39.228601,816632093,343291127,595.0,659.0
2025-03-25T01:53:40.230915,816653112,343300000,21019.0,8873.0
2025-03-25T01:53:41.233136,816702502,343308217,49390.0,8217.0
2025-03-25T01:53:42.234418,816702502,343308217,0.0,0.0
2025-03-25T01:53:43.236259,816702502,343308217,0.0,0.0
2025-03-25T01:53:44.238169,816704378,343310133,1876.0,1916.0
2025-03-25T01:53:45.240280,816704420,343310195,42.0,62.0
2025-03-25T01:53:46.241589,816704864,343310453,444.0,258.0
2025-03-25T01:53:47.243381,816706740,343312369,1876.0,1916.0
2025-03-25T01:53:48.245478,816706740,343312369,0.0,0.0
2025-03-25T01:53:49.247600,816706740,343312369,0.0,0.0
2025-03-25T01:53:50.249453,816708616,343314285,1876.0,1916.0
2025-03-25T01:53:51.250481,816708616,343314285,0.0,0.0
2025-03-25T01:53:52.251374,816708616,343314285,0.0,0.0
2025-03-25T01:53:53.253194,816710492,343316201,1876.0,1916.0
2025-03-25T01:53:54.254391,816710492,343316201,0.0,0.0
2025-03-25T01:53:55.256232,816710492,343316201,0.0,0.0
2025-03-25T01:53:56.258069,816712368,343318117,1876.0,1916.0
2025-03-25T01:53:57.260059,816712368,343318117,0.0,0.0
2025-03-25T01:53:58.262232,816712368,343318117,0.0,0.0
2025-03-25T01:53:59.264518,816720789,343322786,8421.0,4669.0
2025-03-25T01:54:00.265441,816722222,343322872,1433.0,86.0
2025-03-25T01:54:01.266406,816722222,343322872,0.0,0.0
2025-03-25T01:54:02.268572,816724098,343324788,1876.0,1916.0
2025-03-25T01:54:03.270825,816724098,343324788,0.0,0.0
2025-03-25T01:54:04.272424,816724098,343324788,0.0,0.0
2025-03-25T01:54:05.273415,816726196,343326876,2098.0,2088.0
2025-03-25T01:54:06.275581,816733191,343326876,6995.0,0.0
2025-03-25T01:54:07.277318,816733191,343326876,0.0,0.0
2025-03-25T01:54:08.278422,816735067,343328792,1876.0,1916.0
2025-03-25T01:54:09.280405,816735067,343328792,0.0,0.0
2025-03-25T01:54:10.282249,816735067,343328792,0.0,0.0
2025-03-25T01:54:11.284200,816736943,343330708,1876.0,1916.0
2025-03-25T01:54:12.286212,816736943,343330708,0.0,0.0
2025-03-25T01:54:13.288071,816736943,343330708,0.0,0.0
2025-03-25T01:54:14.290113,816738819,343332624,1876.0,1916.0
2025-03-25T01:54:15.292055,816738819,343332624,0.0,0.0
2025-03-25T01:54:16.294003,816738819,343332624,0.0,0.0
2025-03-25T01:54:17.295587,816740695,343334540,1876.0,1916.0
2025-03-25T01:54:18.297374,816740695,343334540,0.0,0.0
2025-03-25T01:54:19.298595,816740695,343334540,0.0,0.0
2025-03-25T01:54:20.300857,816744015,343337900,3320.0,3360.0
2025-03-25T01:54:21.303050,816744015,343337900,0.0,0.0
2025-03-25T01:54:22.304394,816744015,343337900,0.0,0.0
