timestamp,rx_bytes,tx_bytes,rx_rate_bps,tx_rate_bps
2025-04-09T02:38:23.406081,484856543,269861958,1942.0,1916.0
2025-04-09T02:38:24.408083,484856611,269862140,68.0,182.0
2025-04-09T02:38:25.410340,484856611,269862140,0.0,0.0
2025-04-09T02:38:26.412627,484858487,269864056,1876.0,1916.0
2025-04-09T02:38:27.415051,484858487,269864056,0.0,0.0
2025-04-09T02:38:28.416918,484858487,269864056,0.0,0.0
2025-04-09T02:38:29.418662,484860363,269865972,1876.0,1916.0
2025-04-09T02:38:30.420503,484860550,269866158,187.0,186.0
2025-04-09T02:38:31.421658,484860818,269866613,268.0,455.0
2025-04-09T02:38:32.423512,484862828,269868620,2010.0,2007.0
2025-04-09T02:38:33.425396,484862945,269868711,117.0,91.0
2025-04-09T02:38:34.426543,484863012,269868802,67.0,91.0
2025-04-09T02:38:35.427651,484864930,269870780,1918.0,1978.0
2025-04-09T02:38:36.428526,484864930,269870780,0.0,0.0
2025-04-09T02:38:37.429505,484864930,269870780,0.0,0.0
2025-04-09T02:38:38.430469,484867032,269872904,2102.0,2124.0
2025-04-09T02:38:39.431498,484867086,269872904,54.0,0.0
2025-04-09T02:38:40.432486,484867140,269872986,54.0,82.0
2025-04-09T02:38:41.434656,484869108,269874902,1968.0,1916.0
2025-04-09T02:38:42.436806,484869154,269874902,46.0,0.0
2025-04-09T02:38:43.439018,484869154,269874902,0.0,0.0
2025-04-09T02:38:44.441533,484871097,269876909,1943.0,2007.0
2025-04-09T02:38:45.442631,484871097,269876909,0.0,0.0
2025-04-09T02:38:46.444557,484871097,269876909,0.0,0.0
2025-04-09T02:38:47.446583,484872973,269878825,1876.0,1916.0
2025-04-09T02:38:48.448513,484872973,269878825,0.0,0.0
2025-04-09T02:38:49.450474,484872973,269878825,0.0,0.0
2025-04-09T02:38:50.452242,484891614,269901930,18641.0,23105.0
2025-04-09T02:38:51.453471,484901849,269911053,10235.0,9123.0
2025-04-09T02:38:52.455239,484919336,269924266,17487.0,13213.0
2025-04-09T02:38:53.456411,484922248,269926464,2912.0,2198.0
2025-04-09T02:38:54.458134,484922248,269926464,0.0,0.0
2025-04-09T02:38:55.459875,484922515,269926818,267.0,354.0
2025-04-09T02:38:56.461379,484924391,269928734,1876.0,1916.0
2025-04-09T02:38:57.462461,484924652,269928968,261.0,234.0
2025-04-09T02:38:58.463494,484924720,269929059,68.0,91.0
2025-04-09T02:38:59.464410,484926596,269930975,1876.0,1916.0
2025-04-09T02:39:00.465474,484926596,269930975,0.0,0.0
2025-04-09T02:39:01.466385,484926596,269930975,0.0,0.0
2025-04-09T02:39:02.467469,484928562,269932977,1966.0,2002.0
2025-04-09T02:39:03.468475,484928721,269933094,159.0,117.0
2025-04-09T02:39:04.470294,484928789,269933185,68.0,91.0
2025-04-09T02:39:05.471472,484930665,269935101,1876.0,1916.0
2025-04-09T02:39:06.472470,484936911,269941536,6246.0,6435.0
2025-04-09T02:39:07.474359,484936911,269941536,0.0,0.0
2025-04-09T02:39:08.476170,484938787,269943452,1876.0,1916.0
2025-04-09T02:39:09.478154,484938787,269943452,0.0,0.0
2025-04-09T02:39:10.479929,484938787,269943452,0.0,0.0
2025-04-09T02:39:11.481460,484940984,269945736,2197.0,2284.0
2025-04-09T02:39:12.483271,484941185,269946009,201.0,273.0
2025-04-09T02:39:13.485085,484941319,269946191,134.0,182.0
2025-04-09T02:39:14.486475,484943195,269948107,1876.0,1916.0
2025-04-09T02:39:15.487531,484943262,269948198,67.0,91.0
2025-04-09T02:39:16.489383,484943304,269948260,42.0,62.0
2025-04-09T02:39:17.491371,484954353,269954026,11049.0,5766.0
2025-04-09T02:39:18.493371,484954486,269954203,133.0,177.0
2025-04-09T02:39:19.494652,484954486,269954203,0.0,0.0
2025-04-09T02:39:20.496750,484956362,269956119,1876.0,1916.0
2025-04-09T02:39:21.498542,484956362,269956119,0.0,0.0
2025-04-09T02:39:22.500708,484956584,269956291,222.0,172.0
2025-04-09T02:39:23.502526,484958460,269958207,1876.0,1916.0
2025-04-09T02:39:24.503505,484958460,269958207,0.0,0.0
2025-04-09T02:39:25.504525,484958527,269958298,67.0,91.0
2025-04-09T02:39:26.505628,484960403,269960214,1876.0,1916.0
2025-04-09T02:39:27.506634,484960403,269960214,0.0,0.0
2025-04-09T02:39:28.507689,484960403,269960214,0.0,0.0
2025-04-09T02:39:29.509660,484963012,269962862,2609.0,2648.0
2025-04-09T02:39:30.511480,484963448,269962982,436.0,120.0
2025-04-09T02:39:31.513413,484963490,269962982,42.0,0.0
2025-04-09T02:39:32.514474,484965793,269965183,2303.0,2201.0
2025-04-09T02:39:33.515538,484966130,269965633,337.0,450.0
2025-04-09T02:39:34.516719,484966336,269965906,206.0,273.0
2025-04-09T02:39:35.518858,484968212,269968004,1876.0,2098.0
2025-04-09T02:39:36.520490,484968483,269968176,271.0,172.0
2025-04-09T02:39:37.521493,484968483,269968267,0.0,91.0
2025-04-09T02:39:38.522703,484970429,269970183,1946.0,1916.0
2025-04-09T02:39:39.524526,484970429,269970183,0.0,0.0
2025-04-09T02:39:40.525728,484970495,269970269,66.0,86.0
2025-04-09T02:39:41.527672,484972441,269972276,1946.0,2007.0
2025-04-09T02:39:42.529505,484972441,269972276,0.0,0.0
2025-04-09T02:39:43.530593,484972441,269972276,0.0,0.0
2025-04-09T02:39:44.531594,484974383,269974513,1942.0,2237.0
2025-04-09T02:39:45.533549,484974383,269974748,0.0,235.0
2025-04-09T02:39:46.534587,484974383,269974983,0.0,235.0
2025-04-09T02:39:47.536642,484982677,269983628,8294.0,8645.0
2025-04-09T02:39:48.537444,484982743,269983714,66.0,86.0
2025-04-09T02:39:49.538442,484982743,269983714,0.0,0.0
2025-04-09T02:39:50.539638,485006437,270015411,23694.0,31697.0
2025-04-09T02:39:51.540496,485022531,270039804,16094.0,24393.0
2025-04-09T02:39:52.541468,485036158,270047217,13627.0,7413.0
2025-04-09T02:39:53.542519,485038372,270049591,2214.0,2374.0
2025-04-09T02:39:54.543464,485038598,270049799,226.0,208.0
2025-04-09T02:39:55.544444,485038598,270049799,0.0,0.0
2025-04-09T02:39:56.545867,485040541,270051806,1943.0,2007.0
2025-04-09T02:39:57.547823,485040541,270051806,0.0,0.0
2025-04-09T02:39:58.549740,485040541,270051806,0.0,0.0
2025-04-09T02:39:59.552272,485042568,270053875,2027.0,2069.0
2025-04-09T02:40:00.554340,485042568,270053875,0.0,0.0
2025-04-09T02:40:01.555612,485042568,270053875,0.0,0.0
2025-04-09T02:40:02.557618,485044785,270055963,2217.0,2088.0
2025-04-09T02:40:03.559618,485044827,270055963,42.0,0.0
2025-04-09T02:40:04.561735,485044935,270056049,108.0,86.0
2025-04-09T02:40:05.563872,485056491,270065799,11556.0,9750.0
2025-04-09T02:40:06.565531,485064197,270065890,7706.0,91.0
2025-04-09T02:40:07.566592,485064197,270065890,0.0,0.0
2025-04-09T02:40:08.567654,485066073,270067806,1876.0,1916.0
2025-04-09T02:40:09.569664,485066073,270067806,0.0,0.0
2025-04-09T02:40:10.571619,485066073,270067806,0.0,0.0
2025-04-09T02:40:11.572619,485068003,270069722,1930.0,1916.0
2025-04-09T02:40:12.574742,485068057,270069722,54.0,0.0
2025-04-09T02:40:13.576528,485068500,270070091,443.0,369.0
2025-04-09T02:40:14.578535,485070650,270072371,2150.0,2280.0
2025-04-09T02:40:15.580634,485070719,270072462,69.0,91.0
2025-04-09T02:40:16.582849,485070788,270072553,69.0,91.0
2025-04-09T02:40:17.585193,485080719,270077407,9931.0,4854.0
2025-04-09T02:40:18.587487,485080719,270077407,0.0,0.0
2025-04-09T02:40:19.589816,485080944,270077610,225.0,203.0
2025-04-09T02:40:20.592121,485084264,270081061,3320.0,3451.0
2025-04-09T02:40:21.594336,485084333,270081061,69.0,0.0
2025-04-09T02:40:22.595500,485084555,270081233,222.0,172.0
