timestamp,rx_bytes,tx_bytes,rx_rate_bps,tx_rate_bps
2025-03-21T20:30:32.585350,107508345,38346534,1876.0,1916.0
2025-03-21T20:30:33.587511,107508345,38346534,0.0,0.0
2025-03-21T20:30:34.589550,107508345,38346534,0.0,0.0
2025-03-21T20:30:35.590582,107510271,38348450,1926.0,1916.0
2025-03-21T20:30:36.591307,107510271,38348450,0.0,0.0
2025-03-21T20:30:37.593034,107510271,38348450,0.0,0.0
2025-03-21T20:30:38.594914,107512201,38350366,1930.0,1916.0
2025-03-21T20:30:39.596571,107512255,38350366,54.0,0.0
2025-03-21T20:30:40.597351,107512309,38350366,54.0,0.0
2025-03-21T20:30:41.599217,107514185,38352282,1876.0,1916.0
2025-03-21T20:30:42.601377,107514185,38352282,0.0,0.0
2025-03-21T20:30:43.602423,107514185,38352364,0.0,82.0
2025-03-21T20:30:44.604580,107516061,38354280,1876.0,1916.0
2025-03-21T20:30:45.606796,107516061,38354280,0.0,0.0
2025-03-21T20:30:46.608414,107516061,38354280,0.0,0.0
2025-03-21T20:30:47.609306,107517937,38356196,1876.0,1916.0
2025-03-21T20:30:48.610297,107517937,38356196,0.0,0.0
2025-03-21T20:30:49.611988,107517937,38356196,0.0,0.0
2025-03-21T20:30:50.614090,107519813,38358112,1876.0,1916.0
2025-03-21T20:30:51.615379,107576672,38364365,56859.0,6253.0
2025-03-21T20:30:52.616448,107576672,38364365,0.0,0.0
2025-03-21T20:30:53.618354,107592442,38372065,15770.0,7700.0
2025-03-21T20:30:54.619408,107611583,38380199,19141.0,8134.0
2025-03-21T20:30:55.621558,107647576,38382422,35993.0,2223.0
2025-03-21T20:30:56.623597,107649494,38384400,1918.0,1978.0
2025-03-21T20:30:57.625449,107649494,38384400,0.0,0.0
2025-03-21T20:30:58.626288,107649494,38384400,0.0,0.0
2025-03-21T20:30:59.627277,107652842,38387432,3348.0,3032.0
2025-03-21T20:31:00.628283,107653064,38387604,222.0,172.0
2025-03-21T20:31:01.630361,107653064,38387604,0.0,0.0
2025-03-21T20:31:02.631412,107654940,38389520,1876.0,1916.0
2025-03-21T20:31:03.633559,107654940,38389520,0.0,0.0
2025-03-21T20:31:04.634385,107655162,38389692,222.0,172.0
2025-03-21T20:31:05.635399,107657080,38391608,1918.0,1916.0
2025-03-21T20:31:06.637566,107657122,38391608,42.0,0.0
2025-03-21T20:31:07.638534,107657164,38391608,42.0,0.0
2025-03-21T20:31:08.639304,107659040,38393524,1876.0,1916.0
2025-03-21T20:31:09.640294,107659040,38393524,0.0,0.0
2025-03-21T20:31:10.641532,107659040,38393524,0.0,0.0
2025-03-21T20:31:11.642352,107660916,38395440,1876.0,1916.0
2025-03-21T20:31:12.643391,107660916,38395440,0.0,0.0
2025-03-21T20:31:13.644369,107660916,38395440,0.0,0.0
2025-03-21T20:31:14.645560,107662792,38397356,1876.0,1916.0
2025-03-21T20:31:15.646349,107662792,38397356,0.0,0.0
2025-03-21T20:31:16.648141,107662792,38397356,0.0,0.0
2025-03-21T20:31:17.650292,107664710,38399272,1918.0,1916.0
2025-03-21T20:31:18.651401,107664710,38399272,0.0,0.0
2025-03-21T20:31:19.653205,107664710,38399272,0.0,0.0
2025-03-21T20:31:20.654911,107666586,38401188,1876.0,1916.0
2025-03-21T20:31:21.656584,107666586,38401188,0.0,0.0
2025-03-21T20:31:22.658584,107666586,38401188,0.0,0.0
2025-03-21T20:31:23.659397,107668462,38403104,1876.0,1916.0
2025-03-21T20:31:24.661479,107668462,38403104,0.0,0.0
2025-03-21T20:31:25.663593,107668462,38403104,0.0,0.0
2025-03-21T20:31:26.665421,107670338,38405020,1876.0,1916.0
2025-03-21T20:31:27.667570,107670338,38405020,0.0,0.0
2025-03-21T20:31:28.668561,107670338,38405020,0.0,0.0
2025-03-21T20:31:29.670422,107672214,38406936,1876.0,1916.0
2025-03-21T20:31:30.672157,107672214,38406936,0.0,0.0
2025-03-21T20:31:31.673396,107672214,38406936,0.0,0.0
2025-03-21T20:31:32.675366,107674090,38408852,1876.0,1916.0
2025-03-21T20:31:33.677157,107674090,38408852,0.0,0.0
2025-03-21T20:31:34.679338,107674090,38408852,0.0,0.0
2025-03-21T20:31:35.681486,107675966,38410768,1876.0,1916.0
2025-03-21T20:31:36.683312,107675966,38410768,0.0,0.0
2025-03-21T20:31:37.684551,107676032,38410854,66.0,86.0
2025-03-21T20:31:38.686653,107677908,38412770,1876.0,1916.0
2025-03-21T20:31:39.688411,107677908,38412770,0.0,0.0
2025-03-21T20:31:40.689318,107677908,38412770,0.0,0.0
2025-03-21T20:31:41.691033,107679784,38414686,1876.0,1916.0
2025-03-21T20:31:42.692914,107679784,38414686,0.0,0.0
2025-03-21T20:31:43.694472,107679868,38414810,84.0,124.0
2025-03-21T20:31:44.695417,107681744,38416726,1876.0,1916.0
2025-03-21T20:31:45.697613,107681744,38416726,0.0,0.0
2025-03-21T20:31:46.699817,107681744,38416726,0.0,0.0
2025-03-21T20:31:47.701394,107683620,38418642,1876.0,1916.0
2025-03-21T20:31:48.703554,107683620,38418642,0.0,0.0
2025-03-21T20:31:49.704383,107683620,38418642,0.0,0.0
2025-03-21T20:31:50.706089,107685496,38420558,1876.0,1916.0
2025-03-21T20:31:51.707847,107685538,38420558,42.0,0.0
2025-03-21T20:31:52.709549,107685538,38420558,0.0,0.0
2025-03-21T20:31:53.711767,107687414,38422474,1876.0,1916.0
2025-03-21T20:31:54.713375,107687414,38422474,0.0,0.0
2025-03-21T20:31:55.715553,107695927,38426320,8513.0,3846.0
2025-03-21T20:31:56.717556,107715484,38434880,19557.0,8560.0
2025-03-21T20:31:57.718613,107758318,38440127,42834.0,5247.0
2025-03-21T20:31:58.720734,107758318,38440127,0.0,0.0
2025-03-21T20:31:59.722959,107761666,38443159,3348.0,3032.0
2025-03-21T20:32:00.724836,107761666,38443159,0.0,0.0
2025-03-21T20:32:01.726400,107761666,38443159,0.0,0.0
2025-03-21T20:32:02.728119,107763764,38445161,2098.0,2002.0
2025-03-21T20:32:03.729862,107763764,38445161,0.0,0.0
2025-03-21T20:32:04.731606,107763986,38445333,222.0,172.0
2025-03-21T20:32:05.733636,107773829,38447249,9843.0,1916.0
2025-03-21T20:32:06.735397,107775884,38447249,2055.0,0.0
2025-03-21T20:32:07.736736,107775926,38447311,42.0,62.0
2025-03-21T20:32:08.738341,107777802,38449227,1876.0,1916.0
2025-03-21T20:32:09.739404,107777802,38449227,0.0,0.0
2025-03-21T20:32:10.740368,107777802,38449227,0.0,0.0
2025-03-21T20:32:11.741562,107779678,38451143,1876.0,1916.0
2025-03-21T20:32:12.743233,107779678,38451143,0.0,0.0
2025-03-21T20:32:13.744429,107779678,38451143,0.0,0.0
2025-03-21T20:32:14.746159,107781554,38453059,1876.0,1916.0
2025-03-21T20:32:15.749555,107781554,38453059,0.0,0.0
2025-03-21T20:32:16.750398,107781554,38453059,0.0,0.0
2025-03-21T20:32:17.752458,107783430,38454975,1876.0,1916.0
2025-03-21T20:32:18.754609,107783430,38454975,0.0,0.0
2025-03-21T20:32:19.756396,107783430,38454975,0.0,0.0
2025-03-21T20:32:20.758538,107785306,38456891,1876.0,1916.0
2025-03-21T20:32:21.760767,107785699,38457161,393.0,270.0
2025-03-21T20:32:22.762417,107785699,38457161,0.0,0.0
2025-03-21T20:32:23.763311,107787575,38459077,1876.0,1916.0
2025-03-21T20:32:24.765013,107787575,38459077,0.0,0.0
2025-03-21T20:32:25.766724,107787575,38459077,0.0,0.0
2025-03-21T20:32:26.768930,107789451,38460993,1876.0,1916.0
2025-03-21T20:32:27.770523,107789451,38460993,0.0,0.0
2025-03-21T20:32:28.772361,107789451,38460993,0.0,0.0
2025-03-21T20:32:29.774519,107792771,38464353,3320.0,3360.0
2025-03-21T20:32:30.776337,107792771,38464353,0.0,0.0
2025-03-21T20:32:31.777403,107792771,38464353,0.0,0.0
