timestamp,rx_bytes,tx_bytes,rx_rate_bps,tx_rate_bps
2025-04-10T01:01:31.348165,764614842,476103667,3738.0,3798.0
2025-04-10T01:01:32.349673,764615096,476103944,254.0,277.0
2025-04-10T01:01:33.351511,764615364,476104308,268.0,364.0
2025-04-10T01:01:34.352421,764619169,476108197,3805.0,3889.0
2025-04-10T01:01:35.353413,764619236,476108288,67.0,91.0
2025-04-10T01:01:36.354981,764619345,476108379,109.0,91.0
2025-04-10T01:01:37.356322,764623083,476112177,3738.0,3798.0
2025-04-10T01:01:38.357571,764623083,476112177,0.0,0.0
2025-04-10T01:01:39.359449,764623083,476112177,0.0,0.0
2025-04-10T01:01:40.361464,764627149,476116152,4066.0,3975.0
2025-04-10T01:01:41.363696,764627149,476116152,0.0,0.0
2025-04-10T01:01:42.365985,764627149,476116152,0.0,0.0
2025-04-10T01:01:43.367705,764637136,476126477,9987.0,10325.0
2025-04-10T01:01:44.369833,764637136,476126477,0.0,0.0
2025-04-10T01:01:45.371704,764637136,476126712,0.0,235.0
2025-04-10T01:01:46.373389,764640941,476130836,3805.0,4124.0
2025-04-10T01:01:47.375093,764640941,476131071,0.0,235.0
2025-04-10T01:01:48.376828,764640983,476131368,42.0,297.0
2025-04-10T01:01:49.378469,764644721,476135166,3738.0,3798.0
2025-04-10T01:01:50.379516,764651932,476144963,7211.0,9797.0
2025-04-10T01:01:51.381731,764651932,476144963,0.0,0.0
2025-04-10T01:01:52.384143,764664315,476158850,12383.0,13887.0
2025-04-10T01:01:53.386013,764665201,476159688,886.0,838.0
2025-04-10T01:01:54.387462,764665402,476160052,201.0,364.0
2025-04-10T01:01:55.389420,764669577,476164261,4175.0,4209.0
2025-04-10T01:01:56.391735,764669643,476164261,66.0,0.0
2025-04-10T01:01:57.394215,764669710,476164352,67.0,91.0
2025-04-10T01:01:58.395495,764673448,476168150,3738.0,3798.0
2025-04-10T01:01:59.397341,764673448,476168150,0.0,0.0
2025-04-10T01:02:00.399372,764673647,476168413,199.0,263.0
2025-04-10T01:02:01.401291,764677385,476172211,3738.0,3798.0
2025-04-10T01:02:02.402420,764677385,476172211,0.0,0.0
2025-04-10T01:02:03.403435,764677385,476172211,0.0,0.0
2025-04-10T01:02:04.405164,764681123,476176009,3738.0,3798.0
2025-04-10T01:02:05.407080,764681123,476176009,0.0,0.0
2025-04-10T01:02:06.408933,764689531,476176365,8408.0,356.0
2025-04-10T01:02:07.410693,764693404,476180345,3873.0,3980.0
2025-04-10T01:02:08.412549,764693404,476180345,0.0,0.0
2025-04-10T01:02:09.413502,764693404,476180345,0.0,0.0
2025-04-10T01:02:10.415933,764697142,476184143,3738.0,3798.0
2025-04-10T01:02:11.418018,764697142,476184143,0.0,0.0
2025-04-10T01:02:12.419978,764697208,476184229,66.0,86.0
2025-04-10T01:02:13.421863,764701266,476188395,4058.0,4166.0
2025-04-10T01:02:14.423712,764701467,476188668,201.0,273.0
2025-04-10T01:02:15.425472,764701601,476188850,134.0,182.0
2025-04-10T01:02:16.427534,764705339,476192648,3738.0,3798.0
2025-04-10T01:02:17.428675,764716736,476201662,11397.0,9014.0
2025-04-10T01:02:18.430421,764716736,476201662,0.0,0.0
2025-04-10T01:02:19.431604,764720474,476205460,3738.0,3798.0
2025-04-10T01:02:20.432407,764720591,476205551,117.0,91.0
2025-04-10T01:02:21.435670,764721131,476206019,540.0,468.0
2025-04-10T01:02:22.437390,764725091,476209989,3960.0,3970.0
2025-04-10T01:02:23.439107,764725145,476209989,54.0,0.0
2025-04-10T01:02:24.440860,764725145,476209989,0.0,0.0
2025-04-10T01:02:25.442554,764728883,476213787,3738.0,3798.0
2025-04-10T01:02:26.443534,764728929,476213787,46.0,0.0
2025-04-10T01:02:27.445581,764729042,476213878,113.0,91.0
2025-04-10T01:02:28.446589,764732834,476217676,3792.0,3798.0
2025-04-10T01:02:29.447505,764732834,476217676,0.0,0.0
2025-04-10T01:02:30.448732,764732834,476217676,0.0,0.0
2025-04-10T01:02:31.451167,764736572,476221474,3738.0,3798.0
2025-04-10T01:02:32.452696,764736572,476221474,0.0,0.0
2025-04-10T01:02:33.454370,764736572,476221474,0.0,0.0
2025-04-10T01:02:34.455445,764740701,476225731,4129.0,4257.0
2025-04-10T01:02:35.456425,764740997,476226114,296.0,383.0
2025-04-10T01:02:36.457538,764741066,476226205,69.0,91.0
2025-04-10T01:02:37.459630,764744873,476230094,3807.0,3889.0
2025-04-10T01:02:38.461711,764744942,476230185,69.0,91.0
2025-04-10T01:02:39.463403,764744942,476230185,0.0,0.0
2025-04-10T01:02:40.464371,764748722,476233983,3780.0,3798.0
2025-04-10T01:02:41.465380,764748722,476233983,0.0,0.0
2025-04-10T01:02:42.467134,764748791,476234074,69.0,91.0
2025-04-10T01:02:43.468410,764752529,476237872,3738.0,3798.0
2025-04-10T01:02:44.470274,764752529,476237872,0.0,0.0
2025-04-10T01:02:45.471702,764752661,476238044,132.0,172.0
2025-04-10T01:02:46.473555,764756399,476241842,3738.0,3798.0
2025-04-10T01:02:47.474640,764762910,476248736,6511.0,6894.0
2025-04-10T01:02:48.475671,764762979,476248827,69.0,91.0
2025-04-10T01:02:49.477498,764766717,476252625,3738.0,3798.0
2025-04-10T01:02:50.478815,764774399,476268177,7682.0,15552.0
2025-04-10T01:02:51.480657,764774399,476268177,0.0,0.0
2025-04-10T01:02:52.482647,764835830,476278091,61431.0,9914.0
2025-04-10T01:02:53.484471,764835830,476278091,0.0,0.0
2025-04-10T01:02:54.485490,764836084,476278368,254.0,277.0
2025-04-10T01:02:55.487363,764840090,476282530,4006.0,4162.0
2025-04-10T01:02:56.489630,764840157,476282621,67.0,91.0
2025-04-10T01:02:57.491583,764840290,476282798,133.0,177.0
2025-04-10T01:02:58.492403,764844095,476286687,3805.0,3889.0
2025-04-10T01:02:59.493392,764844095,476286687,0.0,0.0
2025-04-10T01:03:00.494382,764844095,476286687,0.0,0.0
2025-04-10T01:03:01.495405,764847833,476290576,3738.0,3889.0
2025-04-10T01:03:02.497201,764847900,476290576,67.0,0.0
2025-04-10T01:03:03.498788,764847900,476290576,0.0,0.0
2025-04-10T01:03:04.500743,764851638,476294374,3738.0,3798.0
2025-04-10T01:03:05.502625,764851638,476294374,0.0,0.0
2025-04-10T01:03:06.504416,764851704,476294460,66.0,86.0
2025-04-10T01:03:07.505572,764855442,476298258,3738.0,3798.0
2025-04-10T01:03:08.507727,764855509,476298349,67.0,91.0
2025-04-10T01:03:09.510165,764855509,476298349,0.0,0.0
2025-04-10T01:03:10.512517,764859247,476302147,3738.0,3798.0
2025-04-10T01:03:11.513722,764859247,476302147,0.0,0.0
2025-04-10T01:03:12.515567,764859247,476302147,0.0,0.0
2025-04-10T01:03:13.516809,764862985,476305945,3738.0,3798.0
2025-04-10T01:03:14.518583,764862985,476305945,0.0,0.0
2025-04-10T01:03:15.520390,764863548,476306412,563.0,467.0
2025-04-10T01:03:16.521599,764867560,476310574,4012.0,4162.0
2025-04-10T01:03:17.523386,764875669,476313512,8109.0,2938.0
2025-04-10T01:03:18.525257,764875738,476313603,69.0,91.0
2025-04-10T01:03:19.526485,764879518,476317554,3780.0,3951.0
2025-04-10T01:03:20.527435,764879587,476317554,69.0,0.0
2025-04-10T01:03:21.529726,764879587,476317554,0.0,0.0
2025-04-10T01:03:22.532064,764883547,476321524,3960.0,3970.0
2025-04-10T01:03:23.534396,764883616,476321615,69.0,91.0
2025-04-10T01:03:24.535801,764883616,476321615,0.0,0.0
2025-04-10T01:03:25.537494,764887354,476325413,3738.0,3798.0
2025-04-10T01:03:26.539660,764887354,476325413,0.0,0.0
2025-04-10T01:03:27.540986,764887354,476325413,0.0,0.0
2025-04-10T01:03:28.543008,764893764,476331883,6410.0,6470.0
2025-04-10T01:03:29.544495,764893833,476331974,69.0,91.0
2025-04-10T01:03:30.545491,764893833,476331974,0.0,0.0
