timestamp,rx_bytes,tx_bytes,rx_rate_bps,tx_rate_bps
2025-04-10T02:51:59.721976,784969776,491716436,3738.0,3798.0
2025-04-10T02:52:00.723422,784969776,491716436,0.0,0.0
2025-04-10T02:52:01.725492,784969843,491716527,67.0,91.0
2025-04-10T02:52:02.726804,784974069,491720782,4226.0,4255.0
2025-04-10T02:52:03.728542,784974069,491720782,0.0,0.0
2025-04-10T02:52:04.729437,784974069,491720782,0.0,0.0
2025-04-10T02:52:05.731424,784987829,491724580,13760.0,3798.0
2025-04-10T02:52:06.732496,784987829,491724580,0.0,0.0
2025-04-10T02:52:07.734297,784987829,491724580,0.0,0.0
2025-04-10T02:52:08.735470,784991634,491728469,3805.0,3889.0
2025-04-10T02:52:09.737297,784991634,491728469,0.0,0.0
2025-04-10T02:52:10.738666,784991634,491728469,0.0,0.0
2025-04-10T02:52:11.739496,784995414,491732329,3780.0,3860.0
2025-04-10T02:52:12.741508,784995414,491732329,0.0,0.0
2025-04-10T02:52:13.742619,785017060,491741909,21646.0,9580.0
2025-04-10T02:52:14.744624,785075598,491760262,58538.0,18353.0
2025-04-10T02:52:15.745525,785076060,491760634,462.0,372.0
2025-04-10T02:52:16.747518,785076261,491760998,201.0,364.0
2025-04-10T02:52:17.749292,785084439,491771495,8178.0,10497.0
2025-04-10T02:52:18.751091,785084439,491771495,0.0,0.0
2025-04-10T02:52:19.752872,785084729,491771758,290.0,263.0
2025-04-10T02:52:20.754564,785088467,491775556,3738.0,3798.0
2025-04-10T02:52:21.755441,785088467,491775556,0.0,0.0
2025-04-10T02:52:22.756657,785088757,491775819,290.0,263.0
2025-04-10T02:52:23.758671,785092495,491779617,3738.0,3798.0
2025-04-10T02:52:24.760821,785092495,491779617,0.0,0.0
2025-04-10T02:52:25.762538,785092495,491779617,0.0,0.0
2025-04-10T02:52:26.763641,785096233,491783415,3738.0,3798.0
2025-04-10T02:52:27.764840,785096365,491783587,132.0,172.0
2025-04-10T02:52:28.766523,785096365,491783587,0.0,0.0
2025-04-10T02:52:29.767499,785100331,491787675,3966.0,4088.0
2025-04-10T02:52:30.768480,785100331,491787675,0.0,0.0
2025-04-10T02:52:31.769627,785100331,491787675,0.0,0.0
2025-04-10T02:52:32.770646,785104069,491791473,3738.0,3798.0
2025-04-10T02:52:33.772518,785104069,491791473,0.0,0.0
2025-04-10T02:52:34.773535,785104322,491791750,253.0,277.0
2025-04-10T02:52:35.774474,785108370,491795912,4048.0,4162.0
2025-04-10T02:52:36.776409,785108437,491796003,67.0,91.0
2025-04-10T02:52:37.777411,785108504,491796094,67.0,91.0
2025-04-10T02:52:38.778491,785112309,491799983,3805.0,3889.0
2025-04-10T02:52:39.779494,785112309,491799983,0.0,0.0
2025-04-10T02:52:40.780501,785112309,491799983,0.0,0.0
2025-04-10T02:52:41.781674,785116047,491803781,3738.0,3798.0
2025-04-10T02:52:42.783489,785116114,491803872,67.0,91.0
2025-04-10T02:52:43.784512,785116114,491803872,0.0,0.0
2025-04-10T02:52:44.786508,785119902,491807670,3788.0,3798.0
2025-04-10T02:52:45.787566,785119902,491807670,0.0,0.0
2025-04-10T02:52:46.788494,785119956,491807670,54.0,0.0
2025-04-10T02:52:47.789487,785123740,491811468,3784.0,3798.0
2025-04-10T02:52:48.791469,785123807,491811559,67.0,91.0
2025-04-10T02:52:49.793333,785123807,491811559,0.0,0.0
2025-04-10T02:52:50.794256,785127545,491815439,3738.0,3880.0
2025-04-10T02:52:51.795427,785127599,491815439,54.0,0.0
2025-04-10T02:52:52.796364,785127691,491815439,92.0,0.0
2025-04-10T02:52:53.798158,785131471,491819299,3780.0,3860.0
2025-04-10T02:52:54.799712,785131591,491819394,120.0,95.0
2025-04-10T02:52:55.801513,785131859,491819758,268.0,364.0
2025-04-10T02:52:56.802515,785135798,491823829,3939.0,4071.0
2025-04-10T02:52:57.803820,785135865,491823920,67.0,91.0
2025-04-10T02:52:58.805735,785201510,491830383,65645.0,6463.0
2025-04-10T02:52:59.807284,785205315,491834272,3805.0,3889.0
2025-04-10T02:53:00.809298,785205315,491834272,0.0,0.0
2025-04-10T02:53:01.811080,785205315,491834272,0.0,0.0
2025-04-10T02:53:02.812846,785209120,491838161,3805.0,3889.0
2025-04-10T02:53:03.814583,785209120,491838161,0.0,0.0
2025-04-10T02:53:04.815454,785209186,491838247,66.0,86.0
2025-04-10T02:53:05.816671,785212924,491842045,3738.0,3798.0
2025-04-10T02:53:06.818538,785212924,491842045,0.0,0.0
2025-04-10T02:53:07.819247,785212924,491842045,0.0,0.0
2025-04-10T02:53:08.820343,785216729,491845934,3805.0,3889.0
2025-04-10T02:53:09.821450,785216729,491845934,0.0,0.0
2025-04-10T02:53:10.822664,785216729,491845934,0.0,0.0
2025-04-10T02:53:11.824849,785220467,491849732,3738.0,3798.0
2025-04-10T02:53:12.826664,785220533,491849818,66.0,86.0
2025-04-10T02:53:13.828702,785220533,491849818,0.0,0.0
2025-04-10T02:53:14.830494,785224271,491853616,3738.0,3798.0
2025-04-10T02:53:15.831546,785246430,491863669,22159.0,10053.0
2025-04-10T02:53:16.833457,785294194,491870430,47764.0,6761.0
2025-04-10T02:53:17.835055,785299479,491875443,5285.0,5013.0
2025-04-10T02:53:18.837151,785299546,491875534,67.0,91.0
2025-04-10T02:53:19.839067,785299613,491875625,67.0,91.0
2025-04-10T02:53:20.841061,785303351,491879423,3738.0,3798.0
2025-04-10T02:53:21.842669,785303573,491879595,222.0,172.0
2025-04-10T02:53:22.844551,785303795,491879858,222.0,263.0
2025-04-10T02:53:23.846166,785307600,491883656,3805.0,3798.0
2025-04-10T02:53:24.847588,785307600,491883656,0.0,0.0
2025-04-10T02:53:25.849689,785307600,491883656,0.0,0.0
2025-04-10T02:53:26.851573,785311338,491887454,3738.0,3798.0
2025-04-10T02:53:27.853409,785311338,491887454,0.0,0.0
2025-04-10T02:53:28.857525,785311338,491887454,0.0,0.0
2025-04-10T02:53:29.858378,785315143,491891343,3805.0,3889.0
2025-04-10T02:53:30.859969,785315143,491891343,0.0,0.0
2025-04-10T02:53:31.861631,785315143,491891343,0.0,0.0
2025-04-10T02:53:32.862566,785318881,491895141,3738.0,3798.0
2025-04-10T02:53:33.863474,785318881,491895141,0.0,0.0
2025-04-10T02:53:34.864717,785318923,491895203,42.0,62.0
2025-04-10T02:53:35.865851,785322661,491899001,3738.0,3798.0
2025-04-10T02:53:36.867226,785322915,491899278,254.0,277.0
2025-04-10T02:53:37.868616,785323183,491899642,268.0,364.0
2025-04-10T02:53:38.870488,785333800,491910590,10617.0,10948.0
2025-04-10T02:53:39.871395,785333867,491910681,67.0,91.0
2025-04-10T02:53:40.872482,785333934,491910772,67.0,91.0
2025-04-10T02:53:41.873412,785337672,491914896,3738.0,4124.0
2025-04-10T02:53:42.876521,785338247,491915181,575.0,285.0
2025-04-10T02:53:43.877373,785338314,491915272,67.0,91.0
2025-04-10T02:53:44.878997,785342052,491919391,3738.0,4119.0
2025-04-10T02:53:45.880690,785342118,491919626,66.0,235.0
2025-04-10T02:53:46.882530,785342118,491919861,0.0,235.0
2025-04-10T02:53:47.884661,785345856,491923894,3738.0,4033.0
2025-04-10T02:53:48.885411,785345910,491923894,54.0,0.0
2025-04-10T02:53:49.886559,785346361,491924725,451.0,831.0
2025-04-10T02:53:50.889494,785368564,491955779,22203.0,31054.0
2025-04-10T02:53:51.890405,785368564,491955779,0.0,0.0
2025-04-10T02:53:52.891388,785375454,491962856,6890.0,7077.0
2025-04-10T02:53:53.892226,785379192,491966654,3738.0,3798.0
2025-04-10T02:53:54.893321,785379192,491966654,0.0,0.0
2025-04-10T02:53:55.894845,785379192,491966654,0.0,0.0
2025-04-10T02:53:56.896578,785385722,491973219,6530.0,6565.0
2025-04-10T02:53:57.898635,785385990,491973674,268.0,455.0
2025-04-10T02:53:58.899588,785386191,491973856,201.0,182.0
