timestamp,rx_bytes,tx_bytes,rx_rate_bps,tx_rate_bps
2025-03-26T17:32:56.173446,1161827011,485139016,1876.0,1916.0
2025-03-26T17:32:57.175343,1161827011,485139016,0.0,0.0
2025-03-26T17:32:58.176599,1161827011,485139016,0.0,0.0
2025-03-26T17:32:59.178466,1161828887,485140932,1876.0,1916.0
2025-03-26T17:33:00.179436,1161828929,485140932,42.0,0.0
2025-03-26T17:33:01.181166,1161828929,485140932,0.0,0.0
2025-03-26T17:33:02.183040,1161830847,485142848,1918.0,1916.0
2025-03-26T17:33:03.184888,1161830889,485142848,42.0,0.0
2025-03-26T17:33:04.186244,1161830889,485142848,0.0,0.0
2025-03-26T17:33:05.187336,1161832765,485144764,1876.0,1916.0
2025-03-26T17:33:06.188382,1161832765,485144764,0.0,0.0
2025-03-26T17:33:07.189396,1161832765,485144764,0.0,0.0
2025-03-26T17:33:08.190428,1161834641,485146680,1876.0,1916.0
2025-03-26T17:33:09.191454,1161834760,485146680,119.0,0.0
2025-03-26T17:33:10.193567,1161834760,485146680,0.0,0.0
2025-03-26T17:33:11.195753,1161836636,485148596,1876.0,1916.0
2025-03-26T17:33:12.197962,1161836636,485148596,0.0,0.0
2025-03-26T17:33:13.199379,1161836636,485148596,0.0,0.0
2025-03-26T17:33:14.200639,1161838512,485150512,1876.0,1916.0
2025-03-26T17:33:15.202408,1161838512,485150512,0.0,0.0
2025-03-26T17:33:16.204237,1161838512,485150512,0.0,0.0
2025-03-26T17:33:17.206389,1161840388,485152428,1876.0,1916.0
2025-03-26T17:33:18.208556,1161840388,485152428,0.0,0.0
2025-03-26T17:33:19.210771,1161840388,485152428,0.0,0.0
2025-03-26T17:33:20.212987,1161842264,485154344,1876.0,1916.0
2025-03-26T17:33:21.214401,1161842264,485154344,0.0,0.0
2025-03-26T17:33:22.216230,1161842264,485154344,0.0,0.0
2025-03-26T17:33:23.217410,1161844140,485156260,1876.0,1916.0
2025-03-26T17:33:24.218456,1161844140,485156432,0.0,172.0
2025-03-26T17:33:25.220579,1161844907,485157746,767.0,1314.0
2025-03-26T17:33:26.222582,1161867662,485167832,22755.0,10086.0
2025-03-26T17:33:27.224309,1161915242,485173789,47580.0,5957.0
2025-03-26T17:33:28.226125,1161915242,485173789,0.0,0.0
2025-03-26T17:33:29.228032,1161917345,485176797,2103.0,3008.0
2025-03-26T17:33:30.230097,1161918793,485176883,1448.0,86.0
2025-03-26T17:33:31.231893,1161918793,485176883,0.0,0.0
2025-03-26T17:33:32.233609,1161920867,485178971,2074.0,2088.0
2025-03-26T17:33:33.235387,1161920933,485179057,66.0,86.0
2025-03-26T17:33:34.236585,1161920933,485179057,0.0,0.0
2025-03-26T17:33:35.238586,1161923031,485181145,2098.0,2088.0
2025-03-26T17:33:36.240425,1161923031,485181145,0.0,0.0
2025-03-26T17:33:37.242402,1161923081,485181145,50.0,0.0
2025-03-26T17:33:38.244385,1161925121,485183061,2040.0,1916.0
2025-03-26T17:33:39.246431,1161925121,485183061,0.0,0.0
2025-03-26T17:33:40.248509,1161925316,485183061,195.0,0.0
2025-03-26T17:33:41.249394,1161927633,485184977,2317.0,1916.0
2025-03-26T17:33:42.251215,1161927769,485184977,136.0,0.0
2025-03-26T17:33:43.253081,1161928067,485184977,298.0,0.0
2025-03-26T17:33:44.254945,1161930286,485186975,2219.0,1998.0
2025-03-26T17:33:45.257121,1161930396,485186975,110.0,0.0
2025-03-26T17:33:46.259113,1161930442,485186975,46.0,0.0
2025-03-26T17:33:47.261264,1161932428,485188891,1986.0,1916.0
2025-03-26T17:33:48.263362,1161932428,485188891,0.0,0.0
2025-03-26T17:33:49.265198,1161932428,485188891,0.0,0.0
2025-03-26T17:33:50.266345,1161934304,485190807,1876.0,1916.0
2025-03-26T17:33:51.267428,1161934304,485190807,0.0,0.0
2025-03-26T17:33:52.268421,1161934304,485190807,0.0,0.0
2025-03-26T17:33:53.269383,1161936321,485192723,2017.0,1916.0
2025-03-26T17:33:54.270289,1161936321,485192723,0.0,0.0
2025-03-26T17:33:55.271305,1161936321,485192723,0.0,0.0
2025-03-26T17:33:56.272315,1161938197,485194639,1876.0,1916.0
2025-03-26T17:33:57.274179,1161938197,485194639,0.0,0.0
2025-03-26T17:33:58.275392,1161938197,485194639,0.0,0.0
2025-03-26T17:33:59.277180,1161940115,485196555,1918.0,1916.0
2025-03-26T17:34:00.278458,1161940157,485196555,42.0,0.0
2025-03-26T17:34:01.279719,1161940199,485196555,42.0,0.0
2025-03-26T17:34:02.281397,1161942075,485198471,1876.0,1916.0
2025-03-26T17:34:03.283382,1161942856,485198471,781.0,0.0
2025-03-26T17:34:04.285382,1161943074,485198471,218.0,0.0
2025-03-26T17:34:05.287430,1161945168,485200387,2094.0,1916.0
2025-03-26T17:34:06.289539,1161955408,485200387,10240.0,0.0
2025-03-26T17:34:07.290537,1161955408,485200387,0.0,0.0
2025-03-26T17:34:08.291376,1161957284,485202303,1876.0,1916.0
2025-03-26T17:34:09.292566,1161957326,485202475,42.0,172.0
2025-03-26T17:34:10.294432,1161957458,485202475,132.0,0.0
2025-03-26T17:34:11.295595,1161959334,485204391,1876.0,1916.0
2025-03-26T17:34:12.297827,1161959334,485204391,0.0,0.0
2025-03-26T17:34:13.300156,1161959334,485204391,0.0,0.0
2025-03-26T17:34:14.301374,1161961210,485206307,1876.0,1916.0
2025-03-26T17:34:15.302618,1161961252,485206369,42.0,62.0
2025-03-26T17:34:16.304509,1161961252,485206369,0.0,0.0
2025-03-26T17:34:17.305429,1161963128,485208285,1876.0,1916.0
2025-03-26T17:34:18.307597,1161963128,485208285,0.0,0.0
2025-03-26T17:34:19.309405,1161963128,485208285,0.0,0.0
2025-03-26T17:34:20.311162,1161965004,485210201,1876.0,1916.0
2025-03-26T17:34:21.312260,1161965601,485210201,597.0,0.0
2025-03-26T17:34:22.313368,1161965774,485210201,173.0,0.0
2025-03-26T17:34:23.314312,1161967769,485212117,1995.0,1916.0
2025-03-26T17:34:24.315412,1161967769,485212117,0.0,0.0
2025-03-26T17:34:25.316336,1161967879,485212117,110.0,0.0
2025-03-26T17:34:26.318370,1161969755,485214033,1876.0,1916.0
2025-03-26T17:34:27.319565,1161976861,485216838,7106.0,2805.0
2025-03-26T17:34:28.321465,1161998819,485227880,21958.0,11042.0
2025-03-26T17:34:29.323381,1162106635,485239472,107816.0,11592.0
2025-03-26T17:34:30.325486,1162106821,485239472,186.0,0.0
2025-03-26T17:34:31.327540,1162106911,485239472,90.0,0.0
2025-03-26T17:34:32.329760,1162108829,485241450,1918.0,1978.0
2025-03-26T17:34:33.331390,1162108829,485241450,0.0,0.0
2025-03-26T17:34:34.333219,1162109051,485241622,222.0,172.0
2025-03-26T17:34:35.334506,1162111149,485243710,2098.0,2088.0
2025-03-26T17:34:36.336645,1162111441,485243924,292.0,214.0
2025-03-26T17:34:37.338615,1162111902,485244355,461.0,431.0
2025-03-26T17:34:38.340949,1162113778,485246271,1876.0,1916.0
2025-03-26T17:34:39.343144,1162113778,485246271,0.0,0.0
2025-03-26T17:34:40.345276,1162114215,485246271,437.0,0.0
2025-03-26T17:34:41.346606,1162116091,485248187,1876.0,1916.0
2025-03-26T17:34:42.348414,1162116091,485248187,0.0,0.0
2025-03-26T17:34:43.350290,1162116091,485248187,0.0,0.0
2025-03-26T17:34:44.351568,1162117967,485250103,1876.0,1916.0
2025-03-26T17:34:45.353909,1162118478,485250103,511.0,0.0
2025-03-26T17:34:46.356089,1162118741,485250103,263.0,0.0
2025-03-26T17:34:47.357826,1162120736,485252019,1995.0,1916.0
2025-03-26T17:34:48.359331,1162120736,485252019,0.0,0.0
2025-03-26T17:34:49.361072,1162120736,485252019,0.0,0.0
2025-03-26T17:34:50.362375,1162122612,485253935,1876.0,1916.0
2025-03-26T17:34:51.363314,1162122612,485253935,0.0,0.0
2025-03-26T17:34:52.365348,1162125302,485256645,2690.0,2710.0
2025-03-26T17:34:53.366338,1162125932,485257295,630.0,650.0
2025-03-26T17:34:54.368072,1162125932,485257295,0.0,0.0
2025-03-26T17:34:55.369433,1162125932,485257295,0.0,0.0
