timestamp,rx_bytes,tx_bytes,rx_rate_bps,tx_rate_bps
2025-04-08T17:57:46.792508,355797799,193809050,1999.0,2242.0
2025-04-08T17:57:47.793654,355797868,193809376,69.0,326.0
2025-04-08T17:57:48.795435,355797868,193809376,0.0,0.0
2025-04-08T17:57:49.797310,355799744,193811292,1876.0,1916.0
2025-04-08T17:57:50.799452,355806315,193820363,6571.0,9071.0
2025-04-08T17:57:51.801332,355812669,193826890,6354.0,6527.0
2025-04-08T17:57:52.803060,355814545,193828806,1876.0,1916.0
2025-04-08T17:57:53.804743,355814545,193828806,0.0,0.0
2025-04-08T17:57:54.806442,355814545,193828806,0.0,0.0
2025-04-08T17:57:55.808339,355816463,193830784,1918.0,1978.0
2025-04-08T17:57:56.809397,355816463,193830784,0.0,0.0
2025-04-08T17:57:57.811215,355816532,193830875,69.0,91.0
2025-04-08T17:57:58.812503,355818408,193832791,1876.0,1916.0
2025-04-08T17:57:59.814490,355818408,193832791,0.0,0.0
2025-04-08T17:58:00.816514,355818408,193832791,0.0,0.0
2025-04-08T17:58:01.818737,355820284,193834707,1876.0,1916.0
2025-04-08T17:58:02.820837,355820326,193834707,42.0,0.0
2025-04-08T17:58:03.822701,355820580,193834984,254.0,277.0
2025-04-08T17:58:04.825025,355822724,193837264,2144.0,2280.0
2025-04-08T17:58:05.826478,355824772,193837446,2048.0,182.0
2025-04-08T17:58:06.827640,355832946,193837532,8174.0,86.0
2025-04-08T17:58:07.828383,355835048,193839656,2102.0,2124.0
2025-04-08T17:58:08.829459,355835048,193839656,0.0,0.0
2025-04-08T17:58:09.830641,355835048,193839656,0.0,0.0
2025-04-08T17:58:10.832370,355836991,193841663,1943.0,2007.0
2025-04-08T17:58:11.834167,355836991,193841663,0.0,0.0
2025-04-08T17:58:12.836309,355836991,193841663,0.0,0.0
2025-04-08T17:58:13.838547,355838867,193843579,1876.0,1916.0
2025-04-08T17:58:14.839511,355838867,193843665,0.0,86.0
2025-04-08T17:58:15.841558,355838933,193843665,66.0,0.0
2025-04-08T17:58:16.843910,355840809,193845581,1876.0,1916.0
2025-04-08T17:58:17.845483,355849423,193849050,8614.0,3469.0
2025-04-08T17:58:18.846641,355849423,193849050,0.0,0.0
2025-04-08T17:58:19.848939,355851299,193850966,1876.0,1916.0
2025-04-08T17:58:20.851261,355851299,193850966,0.0,0.0
2025-04-08T17:58:21.852680,355851299,193850966,0.0,0.0
2025-04-08T17:58:22.854501,355853397,193853054,2098.0,2088.0
2025-04-08T17:58:23.855438,355853651,193853331,254.0,277.0
2025-04-08T17:58:24.856503,355853961,193853757,310.0,426.0
2025-04-08T17:58:25.858277,355855904,193855764,1943.0,2007.0
2025-04-08T17:58:26.860007,355855971,193855855,67.0,91.0
2025-04-08T17:58:27.861700,355856170,193856118,199.0,263.0
2025-04-08T17:58:28.863566,355858046,193858034,1876.0,1916.0
2025-04-08T17:58:29.865501,355858046,193858034,0.0,0.0
2025-04-08T17:58:30.866513,355858046,193858034,0.0,0.0
2025-04-08T17:58:31.868948,355859989,193860041,1943.0,2007.0
2025-04-08T17:58:32.871148,355860148,193860158,159.0,117.0
2025-04-08T17:58:33.872460,355860148,193860158,0.0,0.0
2025-04-08T17:58:34.873481,355862024,193862074,1876.0,1916.0
2025-04-08T17:58:35.875441,355862024,193862074,0.0,0.0
2025-04-08T17:58:36.876660,355862024,193862074,0.0,0.0
2025-04-08T17:58:37.878453,355863967,193864081,1943.0,2007.0
2025-04-08T17:58:38.880263,355863967,193864081,0.0,0.0
2025-04-08T17:58:39.882247,355863967,193864081,0.0,0.0
2025-04-08T17:58:40.883416,355865843,193865997,1876.0,1916.0
2025-04-08T17:58:41.884374,355865843,193865997,0.0,0.0
2025-04-08T17:58:42.886241,355865843,193865997,0.0,0.0
2025-04-08T17:58:43.888110,355867881,193868008,2038.0,2011.0
2025-04-08T17:58:44.890249,355868149,193868463,268.0,455.0
2025-04-08T17:58:45.891440,355868350,193868645,201.0,182.0
2025-04-08T17:58:46.892648,355870293,193870652,1943.0,2007.0
2025-04-08T17:58:47.893632,355870293,193870652,0.0,0.0
2025-04-08T17:58:48.894504,355870402,193870743,109.0,91.0
2025-04-08T17:58:49.896481,355872278,193872659,1876.0,1916.0
2025-04-08T17:58:50.898341,355872278,193872659,0.0,0.0
2025-04-08T17:58:51.900198,355872412,193872927,134.0,268.0
2025-04-08T17:58:52.901933,355882543,193883139,10131.0,10212.0
2025-04-08T17:58:53.903286,355882543,193883139,0.0,0.0
2025-04-08T17:58:54.904219,355882543,193883139,0.0,0.0
2025-04-08T17:58:55.905247,355884419,193885055,1876.0,1916.0
2025-04-08T17:58:56.906307,355884419,193885055,0.0,0.0
2025-04-08T17:58:57.907260,355884487,193885146,68.0,91.0
2025-04-08T17:58:58.909434,355886522,193887179,2035.0,2033.0
2025-04-08T17:58:59.910411,355886522,193887179,0.0,0.0
2025-04-08T17:59:00.911647,355886588,193887265,66.0,86.0
2025-04-08T17:59:01.912538,355888464,193889181,1876.0,1916.0
2025-04-08T17:59:02.913496,355888464,193889181,0.0,0.0
2025-04-08T17:59:03.914624,355888464,193889181,0.0,0.0
2025-04-08T17:59:04.915656,355899033,193900452,10569.0,11271.0
2025-04-08T17:59:05.916659,355902655,193907437,3622.0,6985.0
2025-04-08T17:59:06.917822,355907657,193909214,5002.0,1777.0
2025-04-08T17:59:07.919665,355909600,193911221,1943.0,2007.0
2025-04-08T17:59:08.921505,355909785,193911795,185.0,574.0
2025-04-08T17:59:09.922374,355910444,193912099,659.0,304.0
2025-04-08T17:59:10.923395,355912320,193914015,1876.0,1916.0
2025-04-08T17:59:11.924364,355912320,193914015,0.0,0.0
2025-04-08T17:59:12.925367,355912519,193914278,199.0,263.0
2025-04-08T17:59:13.927545,355914395,193916194,1876.0,1916.0
2025-04-08T17:59:14.928628,355914395,193916194,0.0,0.0
2025-04-08T17:59:15.930445,355914832,193916682,437.0,488.0
2025-04-08T17:59:16.932537,355929568,193927576,14736.0,10894.0
2025-04-08T17:59:17.934747,355934704,193928534,5136.0,958.0
2025-04-08T17:59:18.937168,355934771,193928625,67.0,91.0
2025-04-08T17:59:19.938482,355936647,193930541,1876.0,1916.0
2025-04-08T17:59:20.939490,355936647,193930541,0.0,0.0
2025-04-08T17:59:21.941369,355936647,193930541,0.0,0.0
2025-04-08T17:59:22.943558,355938745,193932629,2098.0,2088.0
2025-04-08T17:59:23.944503,355938904,193932746,159.0,117.0
2025-04-08T17:59:24.946491,355939291,193933205,387.0,459.0
2025-04-08T17:59:25.947414,355941368,193935394,2077.0,2189.0
2025-04-08T17:59:26.949192,355941435,193935485,67.0,91.0
2025-04-08T17:59:27.951084,355941435,193935485,0.0,0.0
2025-04-08T17:59:28.952390,355943432,193937492,1997.0,2007.0
2025-04-08T17:59:29.953517,355943868,193937612,436.0,120.0
2025-04-08T17:59:30.955646,355943868,193937612,0.0,0.0
2025-04-08T17:59:31.957484,355945811,193939619,1943.0,2007.0
2025-04-08T17:59:32.959324,355945811,193939619,0.0,0.0
2025-04-08T17:59:33.961429,355945811,193939619,0.0,0.0
2025-04-08T17:59:34.963589,355947687,193941535,1876.0,1916.0
2025-04-08T17:59:35.964509,355947687,193941535,0.0,0.0
2025-04-08T17:59:36.966366,355947753,193941621,66.0,86.0
2025-04-08T17:59:37.968327,355949629,193943537,1876.0,1916.0
2025-04-08T17:59:38.970500,355949696,193943628,67.0,91.0
2025-04-08T17:59:39.972438,355949762,193943741,66.0,113.0
2025-04-08T17:59:40.973454,355951730,193945743,1968.0,2002.0
2025-04-08T17:59:41.974391,355951730,193945743,0.0,0.0
2025-04-08T17:59:42.975400,355951730,193945743,0.0,0.0
2025-04-08T17:59:43.976446,355955050,193949338,3320.0,3595.0
2025-04-08T17:59:44.977406,355955304,193949850,254.0,512.0
2025-04-08T17:59:45.978395,355955572,193950449,268.0,599.0
