timestamp,rx_bytes,tx_bytes,rx_rate_bps,tx_rate_bps
2025-03-24T19:17:26.710288,774585471,320000553,1876.0,1916.0
2025-03-24T19:17:27.711306,774585471,320000553,0.0,0.0
2025-03-24T19:17:28.712405,774585725,320000553,254.0,0.0
2025-03-24T19:17:29.714136,774587601,320002469,1876.0,1916.0
2025-03-24T19:17:30.716040,774587601,320002469,0.0,0.0
2025-03-24T19:17:31.717355,774587601,320002469,0.0,0.0
2025-03-24T19:17:32.719517,774589477,320004385,1876.0,1916.0
2025-03-24T19:17:33.721500,774589477,320004385,0.0,0.0
2025-03-24T19:17:34.723605,774589563,320004385,86.0,0.0
2025-03-24T19:17:35.725863,774591439,320006301,1876.0,1916.0
2025-03-24T19:17:36.727751,774591439,320006301,0.0,0.0
2025-03-24T19:17:37.729426,774591439,320006301,0.0,0.0
2025-03-24T19:17:38.731131,774593315,320008217,1876.0,1916.0
2025-03-24T19:17:39.733261,774593315,320008217,0.0,0.0
2025-03-24T19:17:40.735421,774593315,320008217,0.0,0.0
2025-03-24T19:17:41.737736,774595310,320010133,1995.0,1916.0
2025-03-24T19:17:42.739398,774595310,320010133,0.0,0.0
2025-03-24T19:17:43.740575,774595746,320010253,436.0,120.0
2025-03-24T19:17:44.742651,774597622,320012169,1876.0,1916.0
2025-03-24T19:17:45.744447,774597622,320012169,0.0,0.0
2025-03-24T19:17:46.745248,774597622,320012169,0.0,0.0
2025-03-24T19:17:47.747423,774599498,320014085,1876.0,1916.0
2025-03-24T19:17:48.748408,774599582,320014209,84.0,124.0
2025-03-24T19:17:49.749448,774599582,320014209,0.0,0.0
2025-03-24T19:17:50.750570,774601458,320016125,1876.0,1916.0
2025-03-24T19:17:51.752647,774601458,320016125,0.0,0.0
2025-03-24T19:17:52.754603,774601458,320016125,0.0,0.0
2025-03-24T19:17:53.756374,774623274,320025679,21816.0,9554.0
2025-03-24T19:17:54.758088,774637625,320033272,14351.0,7593.0
2025-03-24T19:17:55.759803,774672462,320034486,34837.0,1214.0
2025-03-24T19:17:56.762005,774674338,320036402,1876.0,1916.0
2025-03-24T19:17:57.764004,774674338,320036402,0.0,0.0
2025-03-24T19:17:58.765970,774674338,320036402,0.0,0.0
2025-03-24T19:17:59.767437,774677686,320039434,3348.0,3032.0
2025-03-24T19:18:00.769601,774677686,320039434,0.0,0.0
2025-03-24T19:18:01.771461,774678405,320040158,719.0,724.0
2025-03-24T19:18:02.773181,774680281,320042074,1876.0,1916.0
2025-03-24T19:18:03.774914,774680281,320042074,0.0,0.0
2025-03-24T19:18:04.776620,774680503,320042246,222.0,172.0
2025-03-24T19:18:05.778832,774682379,320044162,1876.0,1916.0
2025-03-24T19:18:06.780983,774692401,320044162,10022.0,0.0
2025-03-24T19:18:07.783189,774692401,320044162,0.0,0.0
2025-03-24T19:18:08.784472,774694277,320046078,1876.0,1916.0
2025-03-24T19:18:09.786269,774694277,320046078,0.0,0.0
2025-03-24T19:18:10.787433,774694277,320046078,0.0,0.0
2025-03-24T19:18:11.788316,774696153,320047994,1876.0,1916.0
2025-03-24T19:18:12.789305,774696153,320047994,0.0,0.0
2025-03-24T19:18:13.790398,774696153,320047994,0.0,0.0
2025-03-24T19:18:14.791310,774698029,320049910,1876.0,1916.0
2025-03-24T19:18:15.793340,774698071,320049910,42.0,0.0
2025-03-24T19:18:16.794365,774698113,320049910,42.0,0.0
2025-03-24T19:18:17.796468,774699989,320051826,1876.0,1916.0
2025-03-24T19:18:18.798471,774699989,320051826,0.0,0.0
2025-03-24T19:18:19.799373,774699989,320051826,0.0,0.0
2025-03-24T19:18:20.800331,774701865,320053742,1876.0,1916.0
2025-03-24T19:18:21.801391,774701984,320053742,119.0,0.0
2025-03-24T19:18:22.802438,774701984,320053742,0.0,0.0
2025-03-24T19:18:23.803621,774703860,320055658,1876.0,1916.0
2025-03-24T19:18:24.805901,774703860,320055658,0.0,0.0
2025-03-24T19:18:25.807828,774703860,320055658,0.0,0.0
2025-03-24T19:18:26.809409,774705736,320057574,1876.0,1916.0
2025-03-24T19:18:27.811479,774705736,320057574,0.0,0.0
2025-03-24T19:18:28.812620,774706778,320058532,1042.0,958.0
2025-03-24T19:18:29.814394,774708038,320059490,1260.0,958.0
2025-03-24T19:18:30.815313,774708251,320059490,213.0,0.0
2025-03-24T19:18:31.816480,774709080,320060448,829.0,958.0
2025-03-24T19:18:32.817399,774710340,320061406,1260.0,958.0
2025-03-24T19:18:33.819561,774710340,320061406,0.0,0.0
2025-03-24T19:18:34.820460,774711468,320062364,1128.0,958.0
2025-03-24T19:18:35.822508,774712406,320063322,938.0,958.0
2025-03-24T19:18:36.824661,774712406,320063404,0.0,82.0
2025-03-24T19:18:37.826432,774713344,320064362,938.0,958.0
2025-03-24T19:18:38.828272,774714336,320065320,992.0,958.0
2025-03-24T19:18:39.830034,774714432,320065320,96.0,0.0
2025-03-24T19:18:40.831937,774715424,320066278,992.0,958.0
2025-03-24T19:18:41.833425,774716535,320067236,1111.0,958.0
2025-03-24T19:18:42.835295,774716535,320067236,0.0,0.0
2025-03-24T19:18:43.837134,774717473,320068194,938.0,958.0
2025-03-24T19:18:44.839334,774718411,320069152,938.0,958.0
2025-03-24T19:18:45.840601,774718411,320069152,0.0,0.0
2025-03-24T19:18:46.842388,774719349,320070110,938.0,958.0
2025-03-24T19:18:47.843324,774720287,320071068,938.0,958.0
2025-03-24T19:18:48.844315,774720287,320071068,0.0,0.0
2025-03-24T19:18:49.845578,774721225,320072026,938.0,958.0
2025-03-24T19:18:50.846549,774722163,320072984,938.0,958.0
2025-03-24T19:18:51.847396,774722163,320072984,0.0,0.0
2025-03-24T19:18:52.848408,774723101,320073942,938.0,958.0
2025-03-24T19:18:53.849565,774724039,320074900,938.0,958.0
2025-03-24T19:18:54.851394,774724081,320074900,42.0,0.0
2025-03-24T19:18:55.853254,774733534,320079135,9453.0,4235.0
2025-03-24T19:18:56.855119,774746013,320084634,12479.0,5499.0
2025-03-24T19:18:57.856405,774762726,320092325,16713.0,7691.0
2025-03-24T19:18:58.858594,774796073,320093713,33347.0,1388.0
2025-03-24T19:18:59.860404,774798483,320095787,2410.0,2074.0
2025-03-24T19:19:00.862266,774798525,320095849,42.0,62.0
2025-03-24T19:19:01.863450,774799463,320096807,938.0,958.0
2025-03-24T19:19:02.865610,774800401,320097765,938.0,958.0
2025-03-24T19:19:03.867424,774800623,320097937,222.0,172.0
2025-03-24T19:19:04.868415,774801783,320099067,1160.0,1130.0
2025-03-24T19:19:05.870142,774802721,320100025,938.0,958.0
2025-03-24T19:19:06.872062,774802721,320100025,0.0,0.0
2025-03-24T19:19:07.874224,774803659,320100983,938.0,958.0
2025-03-24T19:19:08.876369,774804597,320101941,938.0,958.0
2025-03-24T19:19:09.878527,774804597,320101941,0.0,0.0
2025-03-24T19:19:10.880342,774805535,320102899,938.0,958.0
2025-03-24T19:19:11.882623,774806473,320103857,938.0,958.0
2025-03-24T19:19:12.884425,774806473,320103857,0.0,0.0
2025-03-24T19:19:13.886162,774807219,320105165,746.0,1308.0
2025-03-24T19:19:14.887571,774865960,320113359,58741.0,8194.0
2025-03-24T19:19:15.889457,774865960,320113359,0.0,0.0
2025-03-24T19:19:16.890390,774866898,320114317,938.0,958.0
2025-03-24T19:19:17.892592,774867836,320115275,938.0,958.0
2025-03-24T19:19:18.894846,774867836,320115275,0.0,0.0
2025-03-24T19:19:19.896396,774868774,320116233,938.0,958.0
2025-03-24T19:19:20.898556,774869712,320117191,938.0,958.0
2025-03-24T19:19:21.900350,774869831,320117191,119.0,0.0
2025-03-24T19:19:22.901458,774873301,320120859,3470.0,3668.0
2025-03-24T19:19:23.903143,774873459,320120859,158.0,0.0
2025-03-24T19:19:24.904501,774873459,320120859,0.0,0.0
2025-03-24T19:19:25.905422,774874089,320121509,630.0,650.0
