timestamp,rx_bytes,tx_bytes,rx_rate_bps,tx_rate_bps
2025-03-27T08:25:13.481639,1321027829,541899620,1876.0,1916.0
2025-03-27T08:25:14.483369,1321027829,541899620,0.0,0.0
2025-03-27T08:25:15.484328,1321027871,541899620,42.0,0.0
2025-03-27T08:25:16.485358,1321029747,541901536,1876.0,1916.0
2025-03-27T08:25:17.486328,1321029747,541901536,0.0,0.0
2025-03-27T08:25:18.487443,1321029859,541901536,112.0,0.0
2025-03-27T08:25:19.488470,1321031835,541903452,1976.0,1916.0
2025-03-27T08:25:20.489540,1321031835,541903452,0.0,0.0
2025-03-27T08:25:21.491827,1321031889,541903452,54.0,0.0
2025-03-27T08:25:22.493830,1321033807,541905368,1918.0,1916.0
2025-03-27T08:25:23.495401,1321033895,541905368,88.0,0.0
2025-03-27T08:25:24.497466,1321033895,541905368,0.0,0.0
2025-03-27T08:25:25.499369,1321035817,541907366,1922.0,1998.0
2025-03-27T08:25:26.500430,1321035859,541907366,42.0,0.0
2025-03-27T08:25:27.501449,1321035901,541907366,42.0,0.0
2025-03-27T08:25:28.502372,1321037819,541909282,1918.0,1916.0
2025-03-27T08:25:29.503387,1321037819,541909282,0.0,0.0
2025-03-27T08:25:30.504380,1321037861,541909282,42.0,0.0
2025-03-27T08:25:31.505566,1321039737,541911198,1876.0,1916.0
2025-03-27T08:25:32.507811,1321039737,541911198,0.0,0.0
2025-03-27T08:25:33.509978,1321039737,541911198,0.0,0.0
2025-03-27T08:25:34.511427,1321041613,541913114,1876.0,1916.0
2025-03-27T08:25:35.513801,1321041613,541913114,0.0,0.0
2025-03-27T08:25:36.515425,1321041613,541913114,0.0,0.0
2025-03-27T08:25:37.516598,1321043489,541915030,1876.0,1916.0
2025-03-27T08:25:38.518553,1321043489,541915030,0.0,0.0
2025-03-27T08:25:39.519548,1321043621,541915202,132.0,172.0
2025-03-27T08:25:40.520393,1321045497,541917118,1876.0,1916.0
2025-03-27T08:25:41.521347,1321045497,541917118,0.0,0.0
2025-03-27T08:25:42.522395,1321045497,541917118,0.0,0.0
2025-03-27T08:25:43.523557,1321047373,541919034,1876.0,1916.0
2025-03-27T08:25:44.524441,1321047415,541919096,42.0,62.0
2025-03-27T08:25:45.525394,1321047415,541919096,0.0,0.0
2025-03-27T08:25:46.527245,1321049291,541921012,1876.0,1916.0
2025-03-27T08:25:47.528389,1321049291,541921012,0.0,0.0
2025-03-27T08:25:48.529420,1321049291,541921012,0.0,0.0
2025-03-27T08:25:49.530585,1321115509,541929128,66218.0,8116.0
2025-03-27T08:25:50.532340,1321115509,541929128,0.0,0.0
2025-03-27T08:25:51.533434,1321115509,541929128,0.0,0.0
2025-03-27T08:25:52.534373,1321117385,541931044,1876.0,1916.0
2025-03-27T08:25:53.535631,1321117385,541931044,0.0,0.0
2025-03-27T08:25:54.537431,1321117427,541931106,42.0,62.0
2025-03-27T08:25:55.538565,1321119303,541933022,1876.0,1916.0
2025-03-27T08:25:56.539420,1321119303,541933022,0.0,0.0
2025-03-27T08:25:57.540556,1321119303,541933022,0.0,0.0
2025-03-27T08:25:58.541458,1321121179,541934938,1876.0,1916.0
2025-03-27T08:25:59.542608,1321129718,541938308,8539.0,3370.0
2025-03-27T08:26:00.544977,1321129718,541938308,0.0,0.0
2025-03-27T08:26:01.546370,1321131594,541940224,1876.0,1916.0
2025-03-27T08:26:02.547425,1321131594,541940224,0.0,0.0
2025-03-27T08:26:03.548361,1321131594,541940224,0.0,0.0
2025-03-27T08:26:04.549591,1321133692,541942312,2098.0,2088.0
2025-03-27T08:26:05.551976,1321133692,541942312,0.0,0.0
2025-03-27T08:26:06.554187,1321143714,541942312,10022.0,0.0
2025-03-27T08:26:07.555425,1321145590,541944228,1876.0,1916.0
2025-03-27T08:26:08.557761,1321145590,541944228,0.0,0.0
2025-03-27T08:26:09.559997,1321145590,541944228,0.0,0.0
2025-03-27T08:26:10.561441,1321147466,541946144,1876.0,1916.0
2025-03-27T08:26:11.563515,1321147508,541946144,42.0,0.0
2025-03-27T08:26:12.564374,1321147550,541946144,42.0,0.0
2025-03-27T08:26:13.565417,1321149468,541948060,1918.0,1916.0
2025-03-27T08:26:14.566397,1321149468,541948060,0.0,0.0
2025-03-27T08:26:15.567589,1321149468,541948060,0.0,0.0
2025-03-27T08:26:16.569910,1321151386,541949976,1918.0,1916.0
2025-03-27T08:26:17.572205,1321151428,541949976,42.0,0.0
2025-03-27T08:26:18.573403,1321151428,541949976,0.0,0.0
2025-03-27T08:26:19.575620,1321153304,541951892,1876.0,1916.0
2025-03-27T08:26:20.577578,1321153304,541951892,0.0,0.0
2025-03-27T08:26:21.579401,1321153304,541951892,0.0,0.0
2025-03-27T08:26:22.581559,1321155180,541953808,1876.0,1916.0
2025-03-27T08:26:23.583368,1321155180,541953808,0.0,0.0
2025-03-27T08:26:24.585138,1321155180,541953808,0.0,0.0
2025-03-27T08:26:25.586951,1321157056,541955724,1876.0,1916.0
2025-03-27T08:26:26.588775,1321157056,541955724,0.0,0.0
2025-03-27T08:26:27.590441,1321157056,541955724,0.0,0.0
2025-03-27T08:26:28.592779,1321159064,541957812,2008.0,2088.0
2025-03-27T08:26:29.594591,1321159064,541957812,0.0,0.0
2025-03-27T08:26:30.596577,1321159064,541957812,0.0,0.0
2025-03-27T08:26:31.598815,1321160940,541959728,1876.0,1916.0
2025-03-27T08:26:32.601005,1321160940,541959728,0.0,0.0
2025-03-27T08:26:33.602367,1321160982,541959790,42.0,62.0
2025-03-27T08:26:34.604541,1321162858,541961706,1876.0,1916.0
2025-03-27T08:26:35.606344,1321162858,541961706,0.0,0.0
2025-03-27T08:26:36.607574,1321162966,541961792,108.0,86.0
2025-03-27T08:26:37.609428,1321164842,541963708,1876.0,1916.0
2025-03-27T08:26:38.610451,1321164842,541963708,0.0,0.0
2025-03-27T08:26:39.612334,1321164842,541963708,0.0,0.0
2025-03-27T08:26:40.614441,1321166718,541965624,1876.0,1916.0
2025-03-27T08:26:41.615434,1321166760,541965686,42.0,62.0
2025-03-27T08:26:42.617594,1321166760,541965686,0.0,0.0
2025-03-27T08:26:43.619561,1321168636,541967602,1876.0,1916.0
2025-03-27T08:26:44.621383,1321168678,541967602,42.0,0.0
2025-03-27T08:26:45.623537,1321168678,541967602,0.0,0.0
2025-03-27T08:26:46.625338,1321170624,541969518,1946.0,1916.0
2025-03-27T08:26:47.627148,1321170624,541969518,0.0,0.0
2025-03-27T08:26:48.628963,1321170624,541969518,0.0,0.0
2025-03-27T08:26:49.630785,1321172500,541971434,1876.0,1916.0
2025-03-27T08:26:50.632447,1321172500,541971434,0.0,0.0
2025-03-27T08:26:51.634794,1321172500,541971434,0.0,0.0
2025-03-27T08:26:52.636658,1321174376,541973350,1876.0,1916.0
2025-03-27T08:26:53.638666,1321174376,541973350,0.0,0.0
2025-03-27T08:26:54.641072,1321174376,541973350,0.0,0.0
2025-03-27T08:26:55.643297,1321176252,541975266,1876.0,1916.0
2025-03-27T08:26:56.645169,1321176252,541975266,0.0,0.0
2025-03-27T08:26:57.647469,1321176252,541975266,0.0,0.0
2025-03-27T08:26:58.649466,1321178128,541977182,1876.0,1916.0
2025-03-27T08:26:59.650396,1321186106,541980021,7978.0,2839.0
2025-03-27T08:27:00.652241,1321186160,541980021,54.0,0.0
2025-03-27T08:27:01.653554,1321188090,541981937,1930.0,1916.0
2025-03-27T08:27:02.655369,1321188090,541981937,0.0,0.0
2025-03-27T08:27:03.657540,1321188090,541981937,0.0,0.0
2025-03-27T08:27:04.658412,1321190188,541984025,2098.0,2088.0
2025-03-27T08:27:05.659593,1321190188,541984025,0.0,0.0
2025-03-27T08:27:06.661985,1321190188,541984025,0.0,0.0
2025-03-27T08:27:07.664196,1321192064,541985941,1876.0,1916.0
2025-03-27T08:27:08.666067,1321192064,541985941,0.0,0.0
2025-03-27T08:27:09.668150,1321194754,541988651,2690.0,2710.0
2025-03-27T08:27:10.669900,1321195384,541989301,630.0,650.0
2025-03-27T08:27:11.671309,1321195384,541989301,0.0,0.0
2025-03-27T08:27:12.673137,1321195384,541989301,0.0,0.0
