timestamp,rx_bytes,tx_bytes,rx_rate_bps,tx_rate_bps
2025-03-25T11:40:54.025329,886326388,377515004,1876.0,1916.0
2025-03-25T11:40:55.026329,886326567,377515004,179.0,0.0
2025-03-25T11:40:56.027407,886326644,377515004,77.0,0.0
2025-03-25T11:40:57.028388,886328520,377516920,1876.0,1916.0
2025-03-25T11:40:58.030242,886328520,377516920,0.0,0.0
2025-03-25T11:40:59.031329,886328657,377516920,137.0,0.0
2025-03-25T11:41:00.033052,886330533,377518836,1876.0,1916.0
2025-03-25T11:41:01.034790,886330593,377518836,60.0,0.0
2025-03-25T11:41:02.036553,886330670,377518836,77.0,0.0
2025-03-25T11:41:03.037393,886332606,377520752,1936.0,1916.0
2025-03-25T11:41:04.038407,886332606,377520752,0.0,0.0
2025-03-25T11:41:05.040528,886332743,377520752,137.0,0.0
2025-03-25T11:41:06.042735,886334619,377522668,1876.0,1916.0
2025-03-25T11:41:07.044669,886334679,377522668,60.0,0.0
2025-03-25T11:41:08.046560,886334756,377522668,77.0,0.0
2025-03-25T11:41:09.048796,886336734,377524584,1978.0,1916.0
2025-03-25T11:41:10.051029,886336734,377524584,0.0,0.0
2025-03-25T11:41:11.053258,886336794,377524584,60.0,0.0
2025-03-25T11:41:12.054434,886338670,377526500,1876.0,1916.0
2025-03-25T11:41:13.056176,886338730,377526500,60.0,0.0
2025-03-25T11:41:14.057923,886338807,377526500,77.0,0.0
2025-03-25T11:41:15.059835,886340862,377528416,2055.0,1916.0
2025-03-25T11:41:16.061555,886340862,377528416,0.0,0.0
2025-03-25T11:41:17.062553,886397485,377535136,56623.0,6720.0
2025-03-25T11:41:18.063866,886399361,377537138,1876.0,2002.0
2025-03-25T11:41:19.065585,886399421,377537138,60.0,0.0
2025-03-25T11:41:20.067440,886399498,377537138,77.0,0.0
2025-03-25T11:41:21.069284,886401434,377539054,1936.0,1916.0
2025-03-25T11:41:22.071215,886401476,377539116,42.0,62.0
2025-03-25T11:41:23.073119,886401613,377539116,137.0,0.0
2025-03-25T11:41:24.074426,886403489,377541032,1876.0,1916.0
2025-03-25T11:41:25.076455,886403549,377541032,60.0,0.0
2025-03-25T11:41:26.078527,886403626,377541032,77.0,0.0
2025-03-25T11:41:27.080656,886405562,377542948,1936.0,1916.0
2025-03-25T11:41:28.082375,886405562,377542948,0.0,0.0
2025-03-25T11:41:29.083393,886405699,377542948,137.0,0.0
2025-03-25T11:41:30.085334,886416148,377548268,10449.0,5320.0
2025-03-25T11:41:31.087285,886416208,377548268,60.0,0.0
2025-03-25T11:41:32.089193,886416285,377548268,77.0,0.0
2025-03-25T11:41:33.091085,886418221,377550184,1936.0,1916.0
2025-03-25T11:41:34.093088,886418221,377550184,0.0,0.0
2025-03-25T11:41:35.095289,886418503,377550356,282.0,172.0
2025-03-25T11:41:36.097136,886420379,377552272,1876.0,1916.0
2025-03-25T11:41:37.098407,886420439,377552272,60.0,0.0
2025-03-25T11:41:38.100562,886420516,377552272,77.0,0.0
2025-03-25T11:41:39.102378,886422452,377554188,1936.0,1916.0
2025-03-25T11:41:40.104234,886422452,377554188,0.0,0.0
2025-03-25T11:41:41.105416,886422589,377554188,137.0,0.0
2025-03-25T11:41:42.107413,886424465,377556104,1876.0,1916.0
2025-03-25T11:41:43.108815,886424525,377556104,60.0,0.0
2025-03-25T11:41:44.110591,886424602,377556104,77.0,0.0
2025-03-25T11:41:45.112380,886426538,377558020,1936.0,1916.0
2025-03-25T11:41:46.113342,886426538,377558020,0.0,0.0
2025-03-25T11:41:47.114357,886426675,377558020,137.0,0.0
2025-03-25T11:41:48.115345,886428551,377559936,1876.0,1916.0
2025-03-25T11:41:49.116374,886428611,377559936,60.0,0.0
2025-03-25T11:41:50.117373,886428688,377559936,77.0,0.0
2025-03-25T11:41:51.119405,886430624,377561852,1936.0,1916.0
2025-03-25T11:41:52.120417,886430624,377561852,0.0,0.0
2025-03-25T11:41:53.121608,886430761,377561852,137.0,0.0
2025-03-25T11:41:54.123899,886432637,377563768,1876.0,1916.0
2025-03-25T11:41:55.126118,886432816,377563768,179.0,0.0
2025-03-25T11:41:56.128346,886432943,377563768,127.0,0.0
2025-03-25T11:41:57.129435,886434879,377565684,1936.0,1916.0
2025-03-25T11:41:58.131520,886435170,377565684,291.0,0.0
2025-03-25T11:41:59.133748,886435307,377565684,137.0,0.0
2025-03-25T11:42:00.136103,886437237,377567600,1930.0,1916.0
2025-03-25T11:42:01.137594,886437421,377567600,184.0,0.0
2025-03-25T11:42:02.139383,886437498,377567600,77.0,0.0
2025-03-25T11:42:03.141200,886439488,377569516,1990.0,1916.0
2025-03-25T11:42:04.142915,886439542,377569598,54.0,82.0
2025-03-25T11:42:05.144589,886439685,377569684,143.0,86.0
2025-03-25T11:42:06.146267,886450539,377571600,10854.0,1916.0
2025-03-25T11:42:07.148357,886450539,377571600,0.0,0.0
2025-03-25T11:42:08.150513,886450676,377571600,137.0,0.0
2025-03-25T11:42:09.151440,886452552,377573516,1876.0,1916.0
2025-03-25T11:42:10.153284,886452696,377573640,144.0,124.0
2025-03-25T11:42:11.155459,886452773,377573640,77.0,0.0
2025-03-25T11:42:12.156571,886454709,377575556,1936.0,1916.0
2025-03-25T11:42:13.157564,886454709,377575556,0.0,0.0
2025-03-25T11:42:14.159597,886454846,377575556,137.0,0.0
2025-03-25T11:42:15.161483,886456841,377577472,1995.0,1916.0
2025-03-25T11:42:16.163541,886456901,377577472,60.0,0.0
2025-03-25T11:42:17.164415,886456978,377577472,77.0,0.0
2025-03-25T11:42:18.165615,886458914,377579388,1936.0,1916.0
2025-03-25T11:42:19.167237,886458914,377579388,0.0,0.0
2025-03-25T11:42:20.168335,886459051,377579388,137.0,0.0
2025-03-25T11:42:21.169405,886460927,377581304,1876.0,1916.0
2025-03-25T11:42:22.170329,886460987,377581304,60.0,0.0
2025-03-25T11:42:23.171316,886461064,377581304,77.0,0.0
2025-03-25T11:42:24.172572,886463000,377583220,1936.0,1916.0
2025-03-25T11:42:25.173415,886463000,377583220,0.0,0.0
2025-03-25T11:42:26.174705,886463137,377583220,137.0,0.0
2025-03-25T11:42:27.176958,886465013,377585136,1876.0,1916.0
2025-03-25T11:42:28.179149,886465073,377585136,60.0,0.0
2025-03-25T11:42:29.180365,886465224,377585919,151.0,783.0
2025-03-25T11:42:30.181419,886475064,377589891,9840.0,3972.0
2025-03-25T11:42:31.183584,886475064,377589891,0.0,0.0
2025-03-25T11:42:32.185559,886475201,377589891,137.0,0.0
2025-03-25T11:42:33.187788,886477077,377591807,1876.0,1916.0
2025-03-25T11:42:34.189428,886477137,377591807,60.0,0.0
2025-03-25T11:42:35.190384,886477555,377591979,418.0,172.0
2025-03-25T11:42:36.191287,886479491,377593895,1936.0,1916.0
2025-03-25T11:42:37.192322,886479491,377593895,0.0,0.0
2025-03-25T11:42:38.193282,886479628,377593895,137.0,0.0
2025-03-25T11:42:39.194298,886481504,377595811,1876.0,1916.0
2025-03-25T11:42:40.196455,886481564,377595811,60.0,0.0
2025-03-25T11:42:41.198638,886481641,377595811,77.0,0.0
2025-03-25T11:42:42.200400,886483577,377597727,1936.0,1916.0
2025-03-25T11:42:43.202581,886484013,377597847,436.0,120.0
2025-03-25T11:42:44.203574,886484150,377597847,137.0,0.0
2025-03-25T11:42:45.205909,886486026,377599763,1876.0,1916.0
2025-03-25T11:42:46.207401,886486086,377599763,60.0,0.0
2025-03-25T11:42:47.209262,886486490,377600021,404.0,258.0
2025-03-25T11:42:48.210340,886488426,377601937,1936.0,1916.0
2025-03-25T11:42:49.211572,886488426,377601937,0.0,0.0
2025-03-25T11:42:50.212422,886489355,377602729,929.0,792.0
2025-03-25T11:42:51.213493,886491883,377605297,2528.0,2568.0
2025-03-25T11:42:52.214280,886492027,377605421,144.0,124.0
2025-03-25T11:42:53.215521,886492104,377605421,77.0,0.0
