timestamp,rx_bytes,tx_bytes,rx_rate_bps,tx_rate_bps
2025-03-26T06:32:19.601667,1071723945,444761949,1876.0,1916.0
2025-03-26T06:32:20.603538,1071723945,444761949,0.0,0.0
2025-03-26T06:32:21.604551,1071723945,444761949,0.0,0.0
2025-03-26T06:32:22.606645,1071725821,444763865,1876.0,1916.0
2025-03-26T06:32:23.608945,1071725821,444763865,0.0,0.0
2025-03-26T06:32:24.611145,1071725821,444763865,0.0,0.0
2025-03-26T06:32:25.613008,1071727697,444765781,1876.0,1916.0
2025-03-26T06:32:26.614988,1071727697,444765781,0.0,0.0
2025-03-26T06:32:27.617127,1071727697,444765781,0.0,0.0
2025-03-26T06:32:28.619302,1071729573,444767697,1876.0,1916.0
2025-03-26T06:32:29.621475,1071737551,444770536,7978.0,2839.0
2025-03-26T06:32:30.623664,1071737551,444770536,0.0,0.0
2025-03-26T06:32:31.625904,1071739427,444772452,1876.0,1916.0
2025-03-26T06:32:32.628067,1071739427,444772452,0.0,0.0
2025-03-26T06:32:33.630252,1071739427,444772452,0.0,0.0
2025-03-26T06:32:34.632410,1071741567,444774540,2140.0,2088.0
2025-03-26T06:32:35.634570,1071741567,444774540,0.0,0.0
2025-03-26T06:32:36.636770,1071741567,444774540,0.0,0.0
2025-03-26T06:32:37.638566,1071743443,444776456,1876.0,1916.0
2025-03-26T06:32:38.640373,1071743443,444776456,0.0,0.0
2025-03-26T06:32:39.641642,1071743443,444776456,0.0,0.0
2025-03-26T06:32:40.643574,1071745361,444778372,1918.0,1916.0
2025-03-26T06:32:41.645506,1071745361,444778372,0.0,0.0
2025-03-26T06:32:42.646496,1071745361,444778372,0.0,0.0
2025-03-26T06:32:43.648211,1071747673,444780408,2312.0,2036.0
2025-03-26T06:32:44.650057,1071747673,444780408,0.0,0.0
2025-03-26T06:32:45.652180,1071747673,444780408,0.0,0.0
2025-03-26T06:32:46.653444,1071749549,444782324,1876.0,1916.0
2025-03-26T06:32:47.654483,1071749549,444782324,0.0,0.0
2025-03-26T06:32:48.656896,1071749591,444782386,42.0,62.0
2025-03-26T06:32:49.659078,1071751467,444784302,1876.0,1916.0
2025-03-26T06:32:50.661231,1071751467,444784302,0.0,0.0
2025-03-26T06:32:51.663144,1071751467,444784302,0.0,0.0
2025-03-26T06:32:52.665178,1071753343,444786218,1876.0,1916.0
2025-03-26T06:32:53.666432,1071753343,444786218,0.0,0.0
2025-03-26T06:32:54.668181,1071753343,444786218,0.0,0.0
2025-03-26T06:32:55.669929,1071755219,444788134,1876.0,1916.0
2025-03-26T06:32:56.671406,1071755219,444788134,0.0,0.0
2025-03-26T06:32:57.672383,1071755219,444788134,0.0,0.0
2025-03-26T06:32:58.674342,1071757095,444790050,1876.0,1916.0
2025-03-26T06:32:59.675261,1071757095,444790050,0.0,0.0
2025-03-26T06:33:00.676407,1071757095,444790050,0.0,0.0
2025-03-26T06:33:01.678209,1071758971,444791966,1876.0,1916.0
2025-03-26T06:33:02.679384,1071758971,444791966,0.0,0.0
2025-03-26T06:33:03.681410,1071758971,444791966,0.0,0.0
2025-03-26T06:33:04.683435,1071760847,444793882,1876.0,1916.0
2025-03-26T06:33:05.684386,1071760847,444793882,0.0,0.0
2025-03-26T06:33:06.685387,1071760847,444793882,0.0,0.0
2025-03-26T06:33:07.686831,1071779167,444802496,18320.0,8614.0
2025-03-26T06:33:08.688448,1071831817,444811683,52650.0,9187.0
2025-03-26T06:33:09.690396,1071831817,444811683,0.0,0.0
2025-03-26T06:33:10.692563,1071833693,444813599,1876.0,1916.0
2025-03-26T06:33:11.694774,1071833805,444813599,112.0,0.0
2025-03-26T06:33:12.696977,1071833805,444813599,0.0,0.0
2025-03-26T06:33:13.699192,1071835727,444815515,1922.0,1916.0
2025-03-26T06:33:14.701378,1071836225,444815773,498.0,258.0
2025-03-26T06:33:15.703535,1071836225,444815855,0.0,82.0
2025-03-26T06:33:16.705743,1071838201,444817771,1976.0,1916.0
2025-03-26T06:33:17.707422,1071838255,444817771,54.0,0.0
2025-03-26T06:33:18.709367,1071838255,444817771,0.0,0.0
2025-03-26T06:33:19.710411,1071840131,444819687,1876.0,1916.0
2025-03-26T06:33:20.711428,1071840131,444819687,0.0,0.0
2025-03-26T06:33:21.712440,1071840131,444819687,0.0,0.0
2025-03-26T06:33:22.714271,1071842007,444821603,1876.0,1916.0
2025-03-26T06:33:23.716437,1071842007,444821603,0.0,0.0
2025-03-26T06:33:24.718602,1071842007,444821603,0.0,0.0
2025-03-26T06:33:25.720874,1071843883,444823519,1876.0,1916.0
2025-03-26T06:33:26.722740,1071843883,444823519,0.0,0.0
2025-03-26T06:33:27.724877,1071843883,444823519,0.0,0.0
2025-03-26T06:33:28.727022,1071845759,444825435,1876.0,1916.0
2025-03-26T06:33:29.729196,1071852497,444828396,6738.0,2961.0
2025-03-26T06:33:30.731438,1071853930,444828482,1433.0,86.0
2025-03-26T06:33:31.733720,1071855806,444830398,1876.0,1916.0
2025-03-26T06:33:32.735445,1071855806,444830398,0.0,0.0
2025-03-26T06:33:33.737604,1071855806,444830398,0.0,0.0
2025-03-26T06:33:34.739811,1071857880,444832548,2074.0,2150.0
2025-03-26T06:33:35.741992,1071857946,444832548,66.0,0.0
2025-03-26T06:33:36.744201,1071857946,444832548,0.0,0.0
2025-03-26T06:33:37.746359,1071859822,444834464,1876.0,1916.0
2025-03-26T06:33:38.748404,1071924286,444840397,64464.0,5933.0
2025-03-26T06:33:39.749413,1071924286,444840397,0.0,0.0
2025-03-26T06:33:40.750575,1071926162,444842313,1876.0,1916.0
2025-03-26T06:33:41.752423,1071926162,444842313,0.0,0.0
2025-03-26T06:33:42.753400,1071926162,444842313,0.0,0.0
2025-03-26T06:33:43.755402,1071928038,444844229,1876.0,1916.0
2025-03-26T06:33:44.756463,1071928038,444844229,0.0,0.0
2025-03-26T06:33:45.758356,1071928038,444844229,0.0,0.0
2025-03-26T06:33:46.760516,1071929914,444846145,1876.0,1916.0
2025-03-26T06:33:47.762382,1071929914,444846145,0.0,0.0
2025-03-26T06:33:48.764546,1071929914,444846145,0.0,0.0
2025-03-26T06:33:49.766392,1071931790,444848061,1876.0,1916.0
2025-03-26T06:33:50.767378,1071931790,444848061,0.0,0.0
2025-03-26T06:33:51.768526,1071931790,444848061,0.0,0.0
2025-03-26T06:33:52.769305,1071933666,444849977,1876.0,1916.0
2025-03-26T06:33:53.770377,1071933666,444849977,0.0,0.0
2025-03-26T06:33:54.771363,1071933666,444849977,0.0,0.0
2025-03-26T06:33:55.772392,1071935542,444851893,1876.0,1916.0
2025-03-26T06:33:56.773380,1071935542,444851893,0.0,0.0
2025-03-26T06:33:57.775179,1071935542,444851893,0.0,0.0
2025-03-26T06:33:58.777000,1071937418,444853809,1876.0,1916.0
2025-03-26T06:33:59.778820,1071937418,444853809,0.0,0.0
2025-03-26T06:34:00.780571,1071937418,444853809,0.0,0.0
2025-03-26T06:34:01.782634,1071939294,444855725,1876.0,1916.0
2025-03-26T06:34:02.784575,1071939336,444855725,42.0,0.0
2025-03-26T06:34:03.786378,1071939336,444855725,0.0,0.0
2025-03-26T06:34:04.788433,1071941212,444857641,1876.0,1916.0
2025-03-26T06:34:05.790454,1071941212,444857641,0.0,0.0
2025-03-26T06:34:06.792574,1071941212,444857641,0.0,0.0
2025-03-26T06:34:07.794770,1071943088,444859557,1876.0,1916.0
2025-03-26T06:34:08.796870,1071943088,444859557,0.0,0.0
2025-03-26T06:34:09.799087,1071959532,444866169,16444.0,6612.0
2025-03-26T06:34:10.800421,1072014058,444877186,54526.0,11017.0
2025-03-26T06:34:11.802250,1072014058,444877186,0.0,0.0
2025-03-26T06:34:12.803429,1072014058,444877186,0.0,0.0
2025-03-26T06:34:13.805343,1072015934,444879102,1876.0,1916.0
2025-03-26T06:34:14.807138,1072015976,444879164,42.0,62.0
2025-03-26T06:34:15.808969,1072016420,444879422,444.0,258.0
2025-03-26T06:34:16.811254,1072019740,444882782,3320.0,3360.0
2025-03-26T06:34:17.813542,1072019740,444882782,0.0,0.0
2025-03-26T06:34:18.814393,1072019740,444882782,0.0,0.0
