timestamp,rx_bytes,tx_bytes,rx_rate_bps,tx_rate_bps
2025-03-26T20:43:34.495456,1183682172,497180158,6840.0,3650.0
2025-03-26T20:43:35.497539,1183698951,497187837,16779.0,7679.0
2025-03-26T20:43:36.498407,1183731479,497188499,32528.0,662.0
2025-03-26T20:43:37.500155,1183733457,497190415,1978.0,1916.0
2025-03-26T20:43:38.501316,1183733583,497190477,126.0,62.0
2025-03-26T20:43:39.502317,1183733762,497190477,179.0,0.0
2025-03-26T20:43:40.503438,1183735860,497192479,2098.0,2002.0
2025-03-26T20:43:41.504621,1183736184,497192651,324.0,172.0
2025-03-26T20:43:42.506312,1183736303,497192651,119.0,0.0
2025-03-26T20:43:43.507302,1183738281,497194567,1978.0,1916.0
2025-03-26T20:43:44.508413,1183738323,497194567,42.0,0.0
2025-03-26T20:43:45.509406,1183738502,497194567,179.0,0.0
2025-03-26T20:43:46.510561,1183740378,497196483,1876.0,1916.0
2025-03-26T20:43:47.512376,1183740438,497196483,60.0,0.0
2025-03-26T20:43:48.514516,1183740515,497196483,77.0,0.0
2025-03-26T20:43:49.515366,1183742451,497198399,1936.0,1916.0
2025-03-26T20:43:50.516388,1183742451,497198399,0.0,0.0
2025-03-26T20:43:51.518173,1183742588,497198399,137.0,0.0
2025-03-26T20:43:52.520374,1183744464,497200315,1876.0,1916.0
2025-03-26T20:43:53.522538,1183744464,497200315,0.0,0.0
2025-03-26T20:43:54.524738,1183744541,497200315,77.0,0.0
2025-03-26T20:43:55.526578,1183746477,497202231,1936.0,1916.0
2025-03-26T20:43:56.528654,1183746477,497202231,0.0,0.0
2025-03-26T20:43:57.530478,1183746614,497202231,137.0,0.0
2025-03-26T20:43:58.532634,1183748490,497204147,1876.0,1916.0
2025-03-26T20:43:59.534464,1183756528,497206986,8038.0,2839.0
2025-03-26T20:44:00.536338,1183756737,497207158,209.0,172.0
2025-03-26T20:44:01.537321,1183758673,497209074,1936.0,1916.0
2025-03-26T20:44:02.539208,1183758673,497209074,0.0,0.0
2025-03-26T20:44:03.540436,1183758750,497209074,77.0,0.0
2025-03-26T20:44:04.541385,1183760908,497211162,2158.0,2088.0
2025-03-26T20:44:05.543194,1183760908,497211162,0.0,0.0
2025-03-26T20:44:06.544639,1183771067,497211162,10159.0,0.0
2025-03-26T20:44:07.546362,1183772985,497213078,1918.0,1916.0
2025-03-26T20:44:08.547415,1183773045,497213078,60.0,0.0
2025-03-26T20:44:09.549259,1183773122,497213078,77.0,0.0
2025-03-26T20:44:10.551111,1183775058,497214994,1936.0,1916.0
2025-03-26T20:44:11.552419,1183775058,497214994,0.0,0.0
2025-03-26T20:44:12.553440,1183775195,497214994,137.0,0.0
2025-03-26T20:44:13.554449,1183777071,497216910,1876.0,1916.0
2025-03-26T20:44:14.555431,1183777131,497216910,60.0,0.0
2025-03-26T20:44:15.557413,1183777208,497216910,77.0,0.0
2025-03-26T20:44:16.558606,1183779174,497218936,1966.0,2026.0
2025-03-26T20:44:17.560585,1183779174,497218936,0.0,0.0
2025-03-26T20:44:18.562459,1183779311,497218936,137.0,0.0
2025-03-26T20:44:19.563413,1183781187,497220852,1876.0,1916.0
2025-03-26T20:44:20.564594,1183781247,497220852,60.0,0.0
2025-03-26T20:44:21.566311,1183781366,497220914,119.0,62.0
2025-03-26T20:44:22.567398,1183783242,497222830,1876.0,1916.0
2025-03-26T20:44:23.568287,1183783302,497222830,60.0,0.0
2025-03-26T20:44:24.569327,1183783379,497222830,77.0,0.0
2025-03-26T20:44:25.571081,1183785315,497224746,1936.0,1916.0
2025-03-26T20:44:26.572361,1183785315,497224746,0.0,0.0
2025-03-26T20:44:27.573440,1183785452,497224746,137.0,0.0
2025-03-26T20:44:28.574424,1183787328,497226662,1876.0,1916.0
2025-03-26T20:44:29.576507,1183795170,497229320,7842.0,2658.0
2025-03-26T20:44:30.578715,1183795247,497229320,77.0,0.0
2025-03-26T20:44:31.580959,1183797225,497231236,1978.0,1916.0
2025-03-26T20:44:32.583056,1183797267,497231236,42.0,0.0
2025-03-26T20:44:33.585625,1183797404,497231236,137.0,0.0
2025-03-26T20:44:34.588019,1183799502,497233324,2098.0,2088.0
2025-03-26T20:44:35.589809,1183816040,497240042,16538.0,6718.0
2025-03-26T20:44:36.592050,1183835382,497248251,19342.0,8209.0
2025-03-26T20:44:37.593545,1183870114,497250597,34732.0,2346.0
2025-03-26T20:44:38.595382,1183870114,497250597,0.0,0.0
2025-03-26T20:44:39.597393,1183870251,497250597,137.0,0.0
2025-03-26T20:44:40.599243,1183872127,497252513,1876.0,1916.0
2025-03-26T20:44:41.600383,1183872349,497252685,222.0,172.0
2025-03-26T20:44:42.601290,1183872708,497252857,359.0,172.0
2025-03-26T20:44:43.602336,1183931455,497261764,58747.0,8907.0
2025-03-26T20:44:44.604079,1183931515,497261764,60.0,0.0
2025-03-26T20:44:45.605789,1183931592,497261764,77.0,0.0
2025-03-26T20:44:46.607317,1183933528,497263680,1936.0,1916.0
2025-03-26T20:44:47.608553,1183936822,497263680,3294.0,0.0
2025-03-26T20:44:48.609662,1183937177,497263680,355.0,0.0
2025-03-26T20:44:49.611569,1183941253,497265744,4076.0,2064.0
2025-03-26T20:44:50.613442,1183941531,497265744,278.0,0.0
2025-03-26T20:44:51.614566,1183941608,497265744,77.0,0.0
2025-03-26T20:44:52.616526,1183943544,497267660,1936.0,1916.0
2025-03-26T20:44:53.617540,1183946602,497267660,3058.0,0.0
2025-03-26T20:44:54.618427,1183946739,497267660,137.0,0.0
2025-03-26T20:44:55.620581,1183948615,497269576,1876.0,1916.0
2025-03-26T20:44:56.622454,1183948675,497269576,60.0,0.0
2025-03-26T20:44:57.623583,1183948752,497269576,77.0,0.0
2025-03-26T20:44:58.624378,1183950688,497271492,1936.0,1916.0
2025-03-26T20:44:59.625401,1183957101,497274257,6413.0,2765.0
2025-03-26T20:45:00.627437,1183958737,497274343,1636.0,86.0
2025-03-26T20:45:01.629614,1183960613,497276259,1876.0,1916.0
2025-03-26T20:45:02.631814,1183960673,497276259,60.0,0.0
2025-03-26T20:45:03.633743,1183960750,497276259,77.0,0.0
2025-03-26T20:45:04.635381,1183962686,497278175,1936.0,1916.0
2025-03-26T20:45:05.636460,1183962908,497278347,222.0,172.0
2025-03-26T20:45:06.637337,1183967635,497278347,4727.0,0.0
2025-03-26T20:45:07.638298,1183969571,497280263,1936.0,1916.0
2025-03-26T20:45:08.640025,1183969571,497280263,0.0,0.0
2025-03-26T20:45:09.641436,1183969708,497280263,137.0,0.0
2025-03-26T20:45:10.642591,1183971584,497282179,1876.0,1916.0
2025-03-26T20:45:11.644833,1183971644,497282179,60.0,0.0
2025-03-26T20:45:12.647022,1183971721,497282179,77.0,0.0
2025-03-26T20:45:13.649020,1183973657,497284095,1936.0,1916.0
2025-03-26T20:45:14.650874,1183973657,497284095,0.0,0.0
2025-03-26T20:45:15.652424,1183973794,497284095,137.0,0.0
2025-03-26T20:45:16.654398,1183975670,497286011,1876.0,1916.0
2025-03-26T20:45:17.656571,1183975780,497286011,110.0,0.0
2025-03-26T20:45:18.658363,1183975857,497286011,77.0,0.0
2025-03-26T20:45:19.659526,1183977847,497287927,1990.0,1916.0
2025-03-26T20:45:20.661327,1183977947,497288009,100.0,82.0
2025-03-26T20:45:21.662418,1183978322,497288301,375.0,292.0
2025-03-26T20:45:22.664439,1183980244,497290217,1922.0,1916.0
2025-03-26T20:45:23.666578,1183980304,497290217,60.0,0.0
2025-03-26T20:45:24.667343,1183980381,497290217,77.0,0.0
2025-03-26T20:45:25.669219,1183982299,497292195,1918.0,1978.0
2025-03-26T20:45:26.672596,1183982359,497292195,60.0,0.0
2025-03-26T20:45:27.674402,1183982490,497292195,131.0,0.0
2025-03-26T20:45:28.675379,1183984426,497294111,1936.0,1916.0
2025-03-26T20:45:29.676360,1183984426,497294111,0.0,0.0
2025-03-26T20:45:30.678322,1183987319,497296907,2893.0,2796.0
2025-03-26T20:45:31.680498,1183987949,497297557,630.0,650.0
2025-03-26T20:45:32.682722,1183988009,497297557,60.0,0.0
2025-03-26T20:45:33.684416,1183988086,497297557,77.0,0.0
