timestamp,rx_bytes,tx_bytes,rx_rate_bps,tx_rate_bps
2025-04-04T22:51:02.043685,2831533976,1382944134,3784.0,3798.0
2025-04-04T22:51:03.045079,2831533976,1382944134,0.0,0.0
2025-04-04T22:51:04.047102,2831533976,1382944134,0.0,0.0
2025-04-04T22:51:05.048894,2831537714,1382947932,3738.0,3798.0
2025-04-04T22:51:06.051009,2831537714,1382947932,0.0,0.0
2025-04-04T22:51:07.052857,2831544990,1382951277,7276.0,3345.0
2025-04-04T22:51:08.053883,2831578773,1382968215,33783.0,16938.0
2025-04-04T22:51:09.054873,2831612814,1382971089,34041.0,2874.0
2025-04-04T22:51:10.055884,2831612856,1382971175,42.0,86.0
2025-04-04T22:51:11.056802,2831616594,1382974973,3738.0,3798.0
2025-04-04T22:51:12.058877,2831616594,1382974973,0.0,0.0
2025-04-04T22:51:13.059913,2831616636,1382975035,42.0,62.0
2025-04-04T22:51:14.062029,2831620596,1382979005,3960.0,3970.0
2025-04-04T22:51:15.064246,2831620818,1382979177,222.0,172.0
2025-04-04T22:51:16.065931,2831620818,1382979177,0.0,0.0
2025-04-04T22:51:17.068110,2831624556,1382982975,3738.0,3798.0
2025-04-04T22:51:18.070351,2831624556,1382982975,0.0,0.0
2025-04-04T22:51:19.071921,2831624556,1382982975,0.0,0.0
2025-04-04T22:51:20.073716,2831628294,1382986773,3738.0,3798.0
2025-04-04T22:51:21.075485,2831628294,1382986773,0.0,0.0
2025-04-04T22:51:22.077294,2831628294,1382986773,0.0,0.0
2025-04-04T22:51:23.079512,2831632032,1382990571,3738.0,3798.0
2025-04-04T22:51:24.081404,2831632032,1382990571,0.0,0.0
2025-04-04T22:51:25.083571,2831632032,1382990571,0.0,0.0
2025-04-04T22:51:26.085785,2831635770,1382994369,3738.0,3798.0
2025-04-04T22:51:27.087570,2831635770,1382994369,0.0,0.0
2025-04-04T22:51:28.089817,2831635770,1382994369,0.0,0.0
2025-04-04T22:51:29.091869,2831639508,1382998167,3738.0,3798.0
2025-04-04T22:51:30.092901,2831639508,1382998167,0.0,0.0
2025-04-04T22:51:31.094616,2831639508,1382998167,0.0,0.0
2025-04-04T22:51:32.096370,2831643612,1383002438,4104.0,4271.0
2025-04-04T22:51:33.097818,2831643999,1383002610,387.0,172.0
2025-04-04T22:51:34.099822,2831643999,1383002610,0.0,0.0
2025-04-04T22:51:35.100915,2831647737,1383006408,3738.0,3798.0
2025-04-04T22:51:36.101880,2831647737,1383006408,0.0,0.0
2025-04-04T22:51:37.104043,2831647737,1383006408,0.0,0.0
2025-04-04T22:51:38.105850,2831651475,1383010206,3738.0,3798.0
2025-04-04T22:51:39.107052,2831651475,1383010206,0.0,0.0
2025-04-04T22:51:40.109431,2831651517,1383010206,42.0,0.0
2025-04-04T22:51:41.111467,2831655255,1383014004,3738.0,3798.0
2025-04-04T22:51:42.113307,2831655255,1383014004,0.0,0.0
2025-04-04T22:51:43.114964,2831655255,1383014004,0.0,0.0
2025-04-04T22:51:44.116690,2831658993,1383017802,3738.0,3798.0
2025-04-04T22:51:45.118799,2831658993,1383017802,0.0,0.0
2025-04-04T22:51:46.120994,2831658993,1383017802,0.0,0.0
2025-04-04T22:51:47.121849,2831662731,1383021600,3738.0,3798.0
2025-04-04T22:51:48.123499,2831662731,1383021600,0.0,0.0
2025-04-04T22:51:49.125368,2831662731,1383021600,0.0,0.0
2025-04-04T22:51:50.126915,2831666469,1383025398,3738.0,3798.0
2025-04-04T22:51:51.128747,2831666469,1383025398,0.0,0.0
2025-04-04T22:51:52.130765,2831666469,1383025398,0.0,0.0
2025-04-04T22:51:53.132541,2831670207,1383029196,3738.0,3798.0
2025-04-04T22:51:54.134308,2831670249,1383029196,42.0,0.0
2025-04-04T22:51:55.135774,2831670249,1383029196,0.0,0.0
2025-04-04T22:51:56.136784,2831673987,1383032994,3738.0,3798.0
2025-04-04T22:51:57.138933,2831673987,1383032994,0.0,0.0
2025-04-04T22:51:58.140777,2831673987,1383032994,0.0,0.0
2025-04-04T22:51:59.142252,2831677725,1383036792,3738.0,3798.0
2025-04-04T22:52:00.143971,2831677725,1383036792,0.0,0.0
2025-04-04T22:52:01.144921,2831677725,1383036792,0.0,0.0
2025-04-04T22:52:02.146079,2831681463,1383040590,3738.0,3798.0
2025-04-04T22:52:03.148286,2831681463,1383040590,0.0,0.0
2025-04-04T22:52:04.149988,2831681463,1383040590,0.0,0.0
2025-04-04T22:52:05.151053,2831685201,1383044388,3738.0,3798.0
2025-04-04T22:52:06.152812,2831689691,1383044388,4490.0,0.0
2025-04-04T22:52:07.153940,2831695223,1383044388,5532.0,0.0
2025-04-04T22:52:08.155053,2831698961,1383048186,3738.0,3798.0
2025-04-04T22:52:09.155887,2831722461,1383057827,23500.0,9641.0
2025-04-04T22:52:10.156864,2831776957,1383070224,54496.0,12397.0
2025-04-04T22:52:11.157917,2831780695,1383074022,3738.0,3798.0
2025-04-04T22:52:12.159035,2831780695,1383074022,0.0,0.0
2025-04-04T22:52:13.160050,2831780695,1383074022,0.0,0.0
2025-04-04T22:52:14.160943,2831784475,1383077882,3780.0,3860.0
2025-04-04T22:52:15.162052,2831785141,1383078398,666.0,516.0
2025-04-04T22:52:16.162925,2831785141,1383078398,0.0,0.0
2025-04-04T22:52:17.163941,2831788879,1383082196,3738.0,3798.0
2025-04-04T22:52:18.165709,2831788879,1383082196,0.0,0.0
2025-04-04T22:52:19.167430,2831789809,1383086183,930.0,3987.0
2025-04-04T22:52:20.169121,2831849078,1383092335,59269.0,6152.0
2025-04-04T22:52:21.171377,2831850130,1383093043,1052.0,708.0
2025-04-04T22:52:22.173212,2831850130,1383093043,0.0,0.0
2025-04-04T22:52:23.175438,2831853868,1383096841,3738.0,3798.0
2025-04-04T22:52:24.177650,2831853868,1383096841,0.0,0.0
2025-04-04T22:52:25.179524,2831853868,1383096841,0.0,0.0
2025-04-04T22:52:26.181743,2831857606,1383100639,3738.0,3798.0
2025-04-04T22:52:27.183741,2831857606,1383100639,0.0,0.0
2025-04-04T22:52:28.185575,2831857606,1383100639,0.0,0.0
2025-04-04T22:52:29.187318,2831861344,1383104437,3738.0,3798.0
2025-04-04T22:52:30.188962,2831861344,1383104437,0.0,0.0
2025-04-04T22:52:31.190691,2831861344,1383104437,0.0,0.0
2025-04-04T22:52:32.192871,2831865082,1383108235,3738.0,3798.0
2025-04-04T22:52:33.194044,2831865082,1383108235,0.0,0.0
2025-04-04T22:52:34.196111,2831865082,1383108235,0.0,0.0
2025-04-04T22:52:35.197938,2831868820,1383112033,3738.0,3798.0
2025-04-04T22:52:36.199774,2831868820,1383112033,0.0,0.0
2025-04-04T22:52:37.201939,2831868820,1383112033,0.0,0.0
2025-04-04T22:52:38.202897,2831872558,1383115831,3738.0,3798.0
2025-04-04T22:52:39.204709,2831872558,1383115831,0.0,0.0
2025-04-04T22:52:40.206448,2831872558,1383115831,0.0,0.0
2025-04-04T22:52:41.208139,2831876296,1383119629,3738.0,3798.0
2025-04-04T22:52:42.209840,2831876296,1383119629,0.0,0.0
2025-04-04T22:52:43.212105,2831876296,1383119629,0.0,0.0
2025-04-04T22:52:44.214081,2831880034,1383123427,3738.0,3798.0
2025-04-04T22:52:45.216401,2831880034,1383123427,0.0,0.0
2025-04-04T22:52:46.218628,2831880034,1383123427,0.0,0.0
2025-04-04T22:52:47.220478,2831883772,1383127225,3738.0,3798.0
2025-04-04T22:52:48.222700,2831883772,1383127225,0.0,0.0
2025-04-04T22:52:49.224905,2831883772,1383127225,0.0,0.0
2025-04-04T22:52:50.225888,2831887510,1383131023,3738.0,3798.0
2025-04-04T22:52:51.227628,2831887510,1383131023,0.0,0.0
2025-04-04T22:52:52.229359,2831887510,1383131023,0.0,0.0
2025-04-04T22:52:53.230693,2831891248,1383134821,3738.0,3798.0
2025-04-04T22:52:54.232880,2831891248,1383134821,0.0,0.0
2025-04-04T22:52:55.233918,2831891248,1383134821,0.0,0.0
2025-04-04T22:52:56.236102,2831894986,1383138619,3738.0,3798.0
2025-04-04T22:52:57.238286,2831894986,1383138619,0.0,0.0
2025-04-04T22:52:58.239924,2831894986,1383138619,0.0,0.0
2025-04-04T22:52:59.241765,2831902012,1383145705,7026.0,7086.0
2025-04-04T22:53:00.243884,2831902012,1383145705,0.0,0.0
2025-04-04T22:53:01.245054,2831902012,1383145705,0.0,0.0
