timestamp,rx_bytes,tx_bytes,rx_rate_bps,tx_rate_bps
2025-03-24T17:59:08.118856,721484372,312828606,1876.0,1916.0
2025-03-24T17:59:09.120609,721484372,312828606,0.0,0.0
2025-03-24T17:59:10.122595,721484372,312828606,0.0,0.0
2025-03-24T17:59:11.124276,721486248,312830522,1876.0,1916.0
2025-03-24T17:59:12.125989,721486248,312830522,0.0,0.0
2025-03-24T17:59:13.127737,721486248,312830522,0.0,0.0
2025-03-24T17:59:14.129421,721488416,312832652,2168.0,2130.0
2025-03-24T17:59:15.130422,721488873,312833083,457.0,431.0
2025-03-24T17:59:16.132578,721488992,312833083,119.0,0.0
2025-03-24T17:59:17.134927,721490868,312834999,1876.0,1916.0
2025-03-24T17:59:18.136426,721490868,312834999,0.0,0.0
2025-03-24T17:59:19.137396,721490868,312834999,0.0,0.0
2025-03-24T17:59:20.139529,721492744,312836915,1876.0,1916.0
2025-03-24T17:59:21.140568,721492786,312836977,42.0,62.0
2025-03-24T17:59:22.142826,721492786,312836977,0.0,0.0
2025-03-24T17:59:23.144428,721494662,312838893,1876.0,1916.0
2025-03-24T17:59:24.146264,721494662,312838893,0.0,0.0
2025-03-24T17:59:25.148525,721494712,312838893,50.0,0.0
2025-03-24T17:59:26.150534,721496642,312840809,1930.0,1916.0
2025-03-24T17:59:27.152437,721496696,312840809,54.0,0.0
2025-03-24T17:59:28.153398,721496696,312840809,0.0,0.0
2025-03-24T17:59:29.155193,721498572,312842725,1876.0,1916.0
2025-03-24T17:59:30.156377,721507081,312845828,8509.0,3103.0
2025-03-24T17:59:31.157363,721507081,312845828,0.0,0.0
2025-03-24T17:59:32.159343,721508957,312847744,1876.0,1916.0
2025-03-24T17:59:33.161179,721509011,312847744,54.0,0.0
2025-03-24T17:59:34.162994,721509011,312847744,0.0,0.0
2025-03-24T17:59:35.164450,721511109,312849914,2098.0,2170.0
2025-03-24T17:59:36.166632,721511228,312849914,119.0,0.0
2025-03-24T17:59:37.168358,721511228,312849914,0.0,0.0
2025-03-24T17:59:38.170623,721513104,312851830,1876.0,1916.0
2025-03-24T17:59:39.172856,721513104,312851830,0.0,0.0
2025-03-24T17:59:40.175193,721513104,312851830,0.0,0.0
2025-03-24T17:59:41.177027,721514980,312853746,1876.0,1916.0
2025-03-24T17:59:42.178435,721514980,312853746,0.0,0.0
2025-03-24T17:59:43.180575,721514980,312853746,0.0,0.0
2025-03-24T17:59:44.182741,721516856,312855662,1876.0,1916.0
2025-03-24T17:59:45.184667,721516856,312855662,0.0,0.0
2025-03-24T17:59:46.186385,721516856,312855662,0.0,0.0
2025-03-24T17:59:47.187485,721518732,312857578,1876.0,1916.0
2025-03-24T17:59:48.188418,721518732,312857578,0.0,0.0
2025-03-24T17:59:49.189385,721518732,312857578,0.0,0.0
2025-03-24T17:59:50.190394,721520608,312859494,1876.0,1916.0
2025-03-24T17:59:51.191567,721520608,312859494,0.0,0.0
2025-03-24T17:59:52.194621,721520744,312859580,136.0,86.0
2025-03-24T17:59:53.196399,721522620,312861496,1876.0,1916.0
2025-03-24T17:59:54.198370,721522620,312861496,0.0,0.0
2025-03-24T17:59:55.200566,721522620,312861496,0.0,0.0
2025-03-24T17:59:56.202399,721524615,312863412,1995.0,1916.0
2025-03-24T17:59:57.203404,721524657,312863474,42.0,62.0
2025-03-24T17:59:58.205564,721524657,312863474,0.0,0.0
2025-03-24T17:59:59.207402,721526607,312866173,1950.0,2699.0
2025-03-24T18:00:00.208799,721534511,312868253,7904.0,2080.0
2025-03-24T18:00:01.210449,721535042,312868253,531.0,0.0
2025-03-24T18:00:02.212550,721537980,312870169,2938.0,1916.0
2025-03-24T18:00:03.214381,721538511,312870169,531.0,0.0
2025-03-24T18:00:04.216589,721538511,312870169,0.0,0.0
2025-03-24T18:00:05.218466,721542632,312872319,4121.0,2150.0
2025-03-24T18:00:06.219610,721550673,312872319,8041.0,0.0
2025-03-24T18:00:07.221434,721550673,312872319,0.0,0.0
2025-03-24T18:00:08.223246,721552549,312874235,1876.0,1916.0
2025-03-24T18:00:09.225088,721552549,312874235,0.0,0.0
2025-03-24T18:00:10.226912,721552549,312874235,0.0,0.0
2025-03-24T18:00:11.228669,721554425,312876151,1876.0,1916.0
2025-03-24T18:00:12.230391,721554425,312876151,0.0,0.0
2025-03-24T18:00:13.232186,721554425,312876151,0.0,0.0
2025-03-24T18:00:14.234355,721556301,312878067,1876.0,1916.0
2025-03-24T18:00:15.236333,721556301,312878067,0.0,0.0
2025-03-24T18:00:16.237371,721556420,312878067,119.0,0.0
2025-03-24T18:00:17.239453,721558296,312879983,1876.0,1916.0
2025-03-24T18:00:18.241564,721558296,312879983,0.0,0.0
2025-03-24T18:00:19.243871,721558338,312879983,42.0,0.0
2025-03-24T18:00:20.245486,721560214,312881899,1876.0,1916.0
2025-03-24T18:00:21.246398,721560214,312881899,0.0,0.0
2025-03-24T18:00:22.248514,721560214,312881899,0.0,0.0
2025-03-24T18:00:23.249889,721562090,312883815,1876.0,1916.0
2025-03-24T18:00:24.251928,721562090,312883815,0.0,0.0
2025-03-24T18:00:25.253667,721562090,312883815,0.0,0.0
2025-03-24T18:00:26.255481,721563966,312885731,1876.0,1916.0
2025-03-24T18:00:27.256371,721563966,312885731,0.0,0.0
2025-03-24T18:00:28.260543,721563966,312885731,0.0,0.0
2025-03-24T18:00:29.261399,721565842,312887647,1876.0,1916.0
2025-03-24T18:00:30.263446,721565842,312887647,0.0,0.0
2025-03-24T18:00:31.264367,721565842,312887647,0.0,0.0
2025-03-24T18:00:32.266197,721567718,312889563,1876.0,1916.0
2025-03-24T18:00:33.268398,721567718,312889563,0.0,0.0
2025-03-24T18:00:34.270261,721567718,312889563,0.0,0.0
2025-03-24T18:00:35.272085,721569987,312891835,2269.0,2272.0
2025-03-24T18:00:36.274281,721570106,312891835,119.0,0.0
2025-03-24T18:00:37.276355,721570106,312891835,0.0,0.0
2025-03-24T18:00:38.278637,721571982,312893751,1876.0,1916.0
2025-03-24T18:00:39.280666,721571982,312893751,0.0,0.0
2025-03-24T18:00:40.282374,721571982,312893813,0.0,62.0
2025-03-24T18:00:41.284230,721573214,312895791,1232.0,1978.0
2025-03-24T18:00:42.285439,721574026,312895915,812.0,124.0
2025-03-24T18:00:43.286450,721574026,312895915,0.0,0.0
2025-03-24T18:00:44.287586,721575902,312897831,1876.0,1916.0
2025-03-24T18:00:45.289643,721575902,312897831,0.0,0.0
2025-03-24T18:00:46.291388,721575902,312897831,0.0,0.0
2025-03-24T18:00:47.292387,721577778,312899747,1876.0,1916.0
2025-03-24T18:00:48.293366,721577778,312899747,0.0,0.0
2025-03-24T18:00:49.295176,721577778,312899747,0.0,0.0
2025-03-24T18:00:50.296986,721579654,312901663,1876.0,1916.0
2025-03-24T18:00:51.298367,721579654,312901663,0.0,0.0
2025-03-24T18:00:52.300373,721579654,312901663,0.0,0.0
2025-03-24T18:00:53.302292,721581530,312903579,1876.0,1916.0
2025-03-24T18:00:54.303434,721581530,312903579,0.0,0.0
2025-03-24T18:00:55.304397,721581530,312903579,0.0,0.0
2025-03-24T18:00:56.306290,721583525,312905495,1995.0,1916.0
2025-03-24T18:00:57.308397,721583585,312905495,60.0,0.0
2025-03-24T18:00:58.309405,721583585,312905495,0.0,0.0
2025-03-24T18:00:59.310417,721592567,312910695,8982.0,5200.0
2025-03-24T18:01:00.311406,721594000,312910781,1433.0,86.0
2025-03-24T18:01:01.313540,721594000,312910781,0.0,0.0
2025-03-24T18:01:02.315360,721595876,312912697,1876.0,1916.0
2025-03-24T18:01:03.317457,721595876,312912697,0.0,0.0
2025-03-24T18:01:04.318373,721595918,312912759,42.0,62.0
2025-03-24T18:01:05.320180,721599460,312916291,3542.0,3532.0
2025-03-24T18:01:06.321308,721599460,312916291,0.0,0.0
2025-03-24T18:01:07.322577,721599460,312916291,0.0,0.0
