timestamp,rx_bytes,tx_bytes,rx_rate_bps,tx_rate_bps
2025-03-21T14:06:08.739720,63667396,15544181,1876.0,1916.0
2025-03-21T14:06:09.741875,63667456,15544181,60.0,0.0
2025-03-21T14:06:10.743867,63667533,15544181,77.0,0.0
2025-03-21T14:06:11.745804,63669730,15546269,2197.0,2088.0
2025-03-21T14:06:12.747525,63669730,15546269,0.0,0.0
2025-03-21T14:06:13.749302,63669970,15546269,240.0,0.0
2025-03-21T14:06:14.751146,63671846,15548185,1876.0,1916.0
2025-03-21T14:06:15.753455,63672009,15548185,163.0,0.0
2025-03-21T14:06:16.755425,63672086,15548185,77.0,0.0
2025-03-21T14:06:17.757602,63674022,15550101,1936.0,1916.0
2025-03-21T14:06:18.759893,63674022,15550101,0.0,0.0
2025-03-21T14:06:19.761610,63674243,15550101,221.0,0.0
2025-03-21T14:06:20.763329,63676328,15552017,2085.0,1916.0
2025-03-21T14:06:21.765033,63676388,15552017,60.0,0.0
2025-03-21T14:06:22.767360,63676465,15552017,77.0,0.0
2025-03-21T14:06:23.769383,63678610,15553933,2145.0,1916.0
2025-03-21T14:06:24.771637,63678652,15553933,42.0,0.0
2025-03-21T14:06:25.773491,63679200,15554191,548.0,258.0
2025-03-21T14:06:26.774550,63681076,15556107,1876.0,1916.0
2025-03-21T14:06:27.776911,63681136,15556107,60.0,0.0
2025-03-21T14:06:28.778405,63681213,15556107,77.0,0.0
2025-03-21T14:06:29.779290,63703189,15566951,21976.0,10844.0
2025-03-21T14:06:30.780959,63746349,15572341,43160.0,5390.0
2025-03-21T14:06:31.782263,63792848,15578728,46499.0,6387.0
2025-03-21T14:06:32.784524,63794778,15580730,1930.0,2002.0
2025-03-21T14:06:33.786553,63794941,15580730,163.0,0.0
2025-03-21T14:06:34.788667,63795060,15580792,119.0,62.0
2025-03-21T14:06:35.790894,63797099,15582708,2039.0,1916.0
2025-03-21T14:06:36.793211,63797897,15583396,798.0,688.0
2025-03-21T14:06:37.794419,63798034,15583396,137.0,0.0
2025-03-21T14:06:38.796171,63799910,15585312,1876.0,1916.0
2025-03-21T14:06:39.797933,63799970,15585312,60.0,0.0
2025-03-21T14:06:40.799828,63800047,15585312,77.0,0.0
2025-03-21T14:06:41.801421,63801661,15587228,1614.0,1916.0
2025-03-21T14:06:42.802571,63801661,15587228,0.0,0.0
2025-03-21T14:06:43.804404,63801798,15587228,137.0,0.0
2025-03-21T14:06:44.805567,63803996,15589144,2198.0,1916.0
2025-03-21T14:06:45.807459,63804056,15589144,60.0,0.0
2025-03-21T14:06:46.808372,63804133,15589144,77.0,0.0
2025-03-21T14:06:47.809263,63806069,15591060,1936.0,1916.0
2025-03-21T14:06:48.810438,63806111,15591060,42.0,0.0
2025-03-21T14:06:49.812289,63806248,15591060,137.0,0.0
2025-03-21T14:06:50.813445,63808124,15592976,1876.0,1916.0
2025-03-21T14:06:51.814487,63808184,15592976,60.0,0.0
2025-03-21T14:06:52.815398,63808261,15592976,77.0,0.0
2025-03-21T14:06:53.816522,63810300,15594892,2039.0,1916.0
2025-03-21T14:06:54.817374,63810300,15594892,0.0,0.0
2025-03-21T14:06:55.818609,63810540,15594892,240.0,0.0
2025-03-21T14:06:56.820305,63812416,15596808,1876.0,1916.0
2025-03-21T14:06:57.821435,63812476,15596808,60.0,0.0
2025-03-21T14:06:58.822464,63812553,15596808,77.0,0.0
2025-03-21T14:06:59.823439,63814489,15598724,1936.0,1916.0
2025-03-21T14:07:00.824400,63814489,15598724,0.0,0.0
2025-03-21T14:07:01.825447,63814626,15598724,137.0,0.0
2025-03-21T14:07:02.826453,63816502,15600640,1876.0,1916.0
2025-03-21T14:07:03.827585,63816502,15600640,0.0,0.0
2025-03-21T14:07:04.829451,63816639,15600640,137.0,0.0
2025-03-21T14:07:05.831386,63818515,15602556,1876.0,1916.0
2025-03-21T14:07:06.833464,63818575,15602556,60.0,0.0
2025-03-21T14:07:07.834419,63818652,15602556,77.0,0.0
2025-03-21T14:07:08.836596,63820588,15604472,1936.0,1916.0
2025-03-21T14:07:09.838433,63820678,15604582,90.0,110.0
2025-03-21T14:07:10.839786,63820815,15604582,137.0,0.0
2025-03-21T14:07:11.841429,63827985,15606498,7170.0,1916.0
2025-03-21T14:07:12.842347,63832239,15606498,4254.0,0.0
2025-03-21T14:07:13.843295,63832342,15606498,103.0,0.0
2025-03-21T14:07:14.844587,63834268,15608414,1926.0,1916.0
2025-03-21T14:07:15.846582,63834371,15608414,103.0,0.0
2025-03-21T14:07:16.848457,63834425,15608414,54.0,0.0
2025-03-21T14:07:17.849547,63836343,15610392,1918.0,1978.0
2025-03-21T14:07:18.850566,63836397,15610392,54.0,0.0
2025-03-21T14:07:19.851568,63836397,15610392,0.0,0.0
2025-03-21T14:07:20.853371,63838373,15612308,1976.0,1916.0
2025-03-21T14:07:21.855334,63838726,15612480,353.0,172.0
2025-03-21T14:07:22.857080,63838947,15612480,221.0,0.0
2025-03-21T14:07:23.858581,63840823,15614396,1876.0,1916.0
2025-03-21T14:07:24.859413,63840823,15614478,0.0,82.0
2025-03-21T14:07:25.861755,63840823,15614478,0.0,0.0
2025-03-21T14:07:26.863573,63842699,15616394,1876.0,1916.0
2025-03-21T14:07:27.865850,63842741,15616456,42.0,62.0
2025-03-21T14:07:28.867426,63843101,15616456,360.0,0.0
2025-03-21T14:07:29.868322,63852955,15621211,9854.0,4755.0
2025-03-21T14:07:30.870044,63852955,15621211,0.0,0.0
2025-03-21T14:07:31.871465,63852955,15621211,0.0,0.0
2025-03-21T14:07:32.872420,63854831,15623127,1876.0,1916.0
2025-03-21T14:07:33.874587,63854934,15623127,103.0,0.0
2025-03-21T14:07:34.876512,63855156,15623299,222.0,172.0
2025-03-21T14:07:35.878537,63857135,15625215,1979.0,1916.0
2025-03-21T14:07:36.879669,63857135,15625215,0.0,0.0
2025-03-21T14:07:37.881299,63857135,15625215,0.0,0.0
2025-03-21T14:07:38.882314,63859011,15627131,1876.0,1916.0
2025-03-21T14:07:39.883320,63859011,15627131,0.0,0.0
2025-03-21T14:07:40.885187,63859011,15627131,0.0,0.0
2025-03-21T14:07:41.886398,63860887,15629047,1876.0,1916.0
2025-03-21T14:07:42.888654,63860887,15629047,0.0,0.0
2025-03-21T14:07:43.890398,63861323,15629167,436.0,120.0
2025-03-21T14:07:44.892466,63863199,15631083,1876.0,1916.0
2025-03-21T14:07:45.893415,63863199,15631083,0.0,0.0
2025-03-21T14:07:46.894280,63863199,15631083,0.0,0.0
2025-03-21T14:07:47.895373,63865075,15632999,1876.0,1916.0
2025-03-21T14:07:48.896366,63865075,15632999,0.0,0.0
2025-03-21T14:07:49.897421,63865075,15632999,0.0,0.0
2025-03-21T14:07:50.899521,63866951,15634915,1876.0,1916.0
2025-03-21T14:07:51.901864,63866951,15634915,0.0,0.0
2025-03-21T14:07:52.904041,63866951,15634915,0.0,0.0
2025-03-21T14:07:53.906029,63868286,15636831,1335.0,1916.0
2025-03-21T14:07:54.907369,63868328,15636831,42.0,0.0
2025-03-21T14:07:55.908319,63868473,15636831,145.0,0.0
2025-03-21T14:07:56.910037,63871101,15638747,2628.0,1916.0
2025-03-21T14:07:57.911577,63871101,15638747,0.0,0.0
2025-03-21T14:07:58.913787,63871101,15638747,0.0,0.0
2025-03-21T14:07:59.916022,63872977,15640663,1876.0,1916.0
2025-03-21T14:08:00.917557,63872977,15640663,0.0,0.0
2025-03-21T14:08:01.919542,63873019,15640725,42.0,62.0
2025-03-21T14:08:02.920580,63874895,15642641,1876.0,1916.0
2025-03-21T14:08:03.922348,63874895,15642641,0.0,0.0
2025-03-21T14:08:04.923402,63874895,15642641,0.0,0.0
2025-03-21T14:08:05.924410,63885207,15646001,10312.0,3360.0
2025-03-21T14:08:06.925597,63888237,15646001,3030.0,0.0
2025-03-21T14:08:07.927397,63888237,15646001,0.0,0.0
