timestamp,rx_bytes,tx_bytes,rx_rate_bps,tx_rate_bps
2025-03-23T15:45:45.731467,429840562,192623039,1936.0,1916.0
2025-03-23T15:45:46.733306,429840756,192623039,194.0,0.0
2025-03-23T15:45:47.734306,429840816,192623039,60.0,0.0
2025-03-23T15:45:48.735498,429842692,192624955,1876.0,1916.0
2025-03-23T15:45:49.736354,429842829,192624955,137.0,0.0
2025-03-23T15:45:50.737476,429842829,192624955,0.0,0.0
2025-03-23T15:45:51.739389,429844765,192626871,1936.0,1916.0
2025-03-23T15:45:52.740327,429844912,192626871,147.0,0.0
2025-03-23T15:45:53.741459,429844972,192626871,60.0,0.0
2025-03-23T15:45:54.742431,429846848,192628787,1876.0,1916.0
2025-03-23T15:45:55.743638,429846985,192628787,137.0,0.0
2025-03-23T15:45:56.745768,429846985,192628787,0.0,0.0
2025-03-23T15:45:57.747427,429848921,192630703,1936.0,1916.0
2025-03-23T15:45:58.748420,429849122,192630703,201.0,0.0
2025-03-23T15:45:59.749603,429859852,192633542,10730.0,2839.0
2025-03-23T15:46:00.751439,429864938,192635458,5086.0,1916.0
2025-03-23T15:46:01.752283,429866618,192635458,1680.0,0.0
2025-03-23T15:46:02.753544,429869310,192635458,2692.0,0.0
2025-03-23T15:46:03.754443,429873814,192637374,4504.0,1916.0
2025-03-23T15:46:04.755433,429874113,192637546,299.0,172.0
2025-03-23T15:46:05.756439,429874173,192637546,60.0,0.0
2025-03-23T15:46:06.757563,429886071,192639462,11898.0,1916.0
2025-03-23T15:46:07.759430,429886208,192639462,137.0,0.0
2025-03-23T15:46:08.760417,429886375,192639462,167.0,0.0
2025-03-23T15:46:09.761385,429888311,192641378,1936.0,1916.0
2025-03-23T15:46:10.763236,429888388,192641378,77.0,0.0
2025-03-23T15:46:11.765013,429888448,192641378,60.0,0.0
2025-03-23T15:46:12.766377,429890324,192643294,1876.0,1916.0
2025-03-23T15:46:13.767436,429890461,192643294,137.0,0.0
2025-03-23T15:46:14.768393,429890461,192643294,0.0,0.0
2025-03-23T15:46:15.769386,429892397,192645210,1936.0,1916.0
2025-03-23T15:46:16.770403,429892474,192645210,77.0,0.0
2025-03-23T15:46:17.771963,429892534,192645210,60.0,0.0
2025-03-23T15:46:18.773342,429894534,192647126,2000.0,1916.0
2025-03-23T15:46:19.774408,429897363,192647126,2829.0,0.0
2025-03-23T15:46:20.775394,429899413,192647126,2050.0,0.0
2025-03-23T15:46:21.776399,429904176,192649042,4763.0,1916.0
2025-03-23T15:46:22.777320,429909513,192649042,5337.0,0.0
2025-03-23T15:46:23.778314,429909573,192649042,60.0,0.0
2025-03-23T15:46:24.779421,429911449,192650958,1876.0,1916.0
2025-03-23T15:46:25.780423,429911526,192650958,77.0,0.0
2025-03-23T15:46:26.781415,429911586,192650958,60.0,0.0
2025-03-23T15:46:27.782434,429913512,192652874,1926.0,1916.0
2025-03-23T15:46:28.783448,429913749,192652874,237.0,0.0
2025-03-23T15:46:29.784611,429913803,192652874,54.0,0.0
2025-03-23T15:46:30.786430,429915739,192654790,1936.0,1916.0
2025-03-23T15:46:31.787577,429915816,192654790,77.0,0.0
2025-03-23T15:46:32.789361,429915876,192654790,60.0,0.0
2025-03-23T15:46:33.790386,429917752,192656788,1876.0,1998.0
2025-03-23T15:46:34.791347,429917997,192656788,245.0,0.0
2025-03-23T15:46:35.792413,429918051,192656788,54.0,0.0
2025-03-23T15:46:36.793377,429919987,192658704,1936.0,1916.0
2025-03-23T15:46:37.794433,429939970,192666308,19983.0,7604.0
2025-03-23T15:46:38.795408,429946380,192669108,6410.0,2800.0
2025-03-23T15:46:39.796443,429993848,192676773,47468.0,7665.0
2025-03-23T15:46:40.797419,429999245,192676773,5397.0,0.0
2025-03-23T15:46:41.798323,429999504,192676773,259.0,0.0
2025-03-23T15:46:42.799633,430004174,192678751,4670.0,1978.0
2025-03-23T15:46:43.801320,430006819,192678751,2645.0,0.0
2025-03-23T15:46:44.802619,430007263,192678923,444.0,172.0
2025-03-23T15:46:45.804351,430009139,192680839,1876.0,1916.0
2025-03-23T15:46:46.805568,430009276,192680839,137.0,0.0
2025-03-23T15:46:47.807481,430009276,192680839,0.0,0.0
2025-03-23T15:46:48.808583,430011212,192682755,1936.0,1916.0
2025-03-23T15:46:49.810429,430011289,192682755,77.0,0.0
2025-03-23T15:46:50.811499,430011349,192682755,60.0,0.0
2025-03-23T15:46:51.812391,430013225,192684671,1876.0,1916.0
2025-03-23T15:46:52.813338,430013362,192684671,137.0,0.0
2025-03-23T15:46:53.814616,430013362,192684671,0.0,0.0
2025-03-23T15:46:54.816556,430015298,192686587,1936.0,1916.0
2025-03-23T15:46:55.817571,430072235,192693528,56937.0,6941.0
2025-03-23T15:46:56.819510,430072295,192693528,60.0,0.0
2025-03-23T15:46:57.821504,430074171,192695444,1876.0,1916.0
2025-03-23T15:46:58.823400,430074308,192695444,137.0,0.0
2025-03-23T15:46:59.824401,430082286,192698283,7978.0,2839.0
2025-03-23T15:47:00.825531,430084222,192700199,1936.0,1916.0
2025-03-23T15:47:01.826460,430084434,192700199,212.0,0.0
2025-03-23T15:47:02.828441,430084494,192700199,60.0,0.0
2025-03-23T15:47:03.829479,430086370,192702115,1876.0,1916.0
2025-03-23T15:47:04.830575,430086669,192702287,299.0,172.0
2025-03-23T15:47:05.832443,430086669,192702287,0.0,0.0
2025-03-23T15:47:06.833470,430088605,192704203,1936.0,1916.0
2025-03-23T15:47:07.834357,430088799,192704203,194.0,0.0
2025-03-23T15:47:08.835628,430089642,192705161,843.0,958.0
2025-03-23T15:47:09.837416,430090902,192706119,1260.0,958.0
2025-03-23T15:47:10.838389,430091039,192706119,137.0,0.0
2025-03-23T15:47:11.839316,430091655,192707077,616.0,958.0
2025-03-23T15:47:12.840310,430092975,192708035,1320.0,958.0
2025-03-23T15:47:13.841319,430093052,192708035,77.0,0.0
2025-03-23T15:47:14.842657,430094050,192708993,998.0,958.0
2025-03-23T15:47:15.844506,430094988,192709951,938.0,958.0
2025-03-23T15:47:16.845388,430095125,192709951,137.0,0.0
2025-03-23T15:47:17.847208,430096063,192710909,938.0,958.0
2025-03-23T15:47:18.848418,430097061,192711867,998.0,958.0
2025-03-23T15:47:19.849402,430097138,192711867,77.0,0.0
2025-03-23T15:47:20.850340,430098136,192712825,998.0,958.0
2025-03-23T15:47:21.851354,430099333,192713783,1197.0,958.0
2025-03-23T15:47:22.852408,430102162,192713783,2829.0,0.0
2025-03-23T15:47:23.853465,430105150,192714741,2988.0,958.0
2025-03-23T15:47:24.854259,430108840,192715699,3690.0,958.0
2025-03-23T15:47:25.855450,430111609,192715699,2769.0,0.0
2025-03-23T15:47:26.856442,430115175,192716657,3566.0,958.0
2025-03-23T15:47:27.857441,430116113,192717615,938.0,958.0
2025-03-23T15:47:28.858414,430116250,192717615,137.0,0.0
2025-03-23T15:47:29.859342,430117188,192718573,938.0,958.0
2025-03-23T15:47:30.860361,430118186,192719531,998.0,958.0
2025-03-23T15:47:31.861423,430118263,192719531,77.0,0.0
2025-03-23T15:47:32.862417,430119261,192720489,998.0,958.0
2025-03-23T15:47:33.863329,430120241,192721447,980.0,958.0
2025-03-23T15:47:34.865127,430120378,192721447,137.0,0.0
2025-03-23T15:47:35.866448,430121316,192722405,938.0,958.0
2025-03-23T15:47:36.867331,430122254,192723363,938.0,958.0
2025-03-23T15:47:37.868909,430122391,192723363,137.0,0.0
2025-03-23T15:47:38.870419,430123389,192724321,998.0,958.0
2025-03-23T15:47:39.871387,430144233,192732883,20844.0,8562.0
2025-03-23T15:47:40.872494,430159904,192740574,15671.0,7691.0
2025-03-23T15:47:41.873531,430197524,192743890,37620.0,3316.0
2025-03-23T15:47:42.874481,430198630,192745016,1106.0,1126.0
2025-03-23T15:47:43.875309,430199203,192745136,573.0,120.0
2025-03-23T15:47:44.877151,430199941,192745934,738.0,798.0
