timestamp,rx_bytes,tx_bytes,rx_rate_bps,tx_rate_bps
2025-04-09T11:55:41.162406,603511771,359250163,3738.0,3798.0
2025-04-09T11:55:42.163658,603511771,359250163,0.0,0.0
2025-04-09T11:55:43.164437,603511771,359250163,0.0,0.0
2025-04-09T11:55:44.166259,603515576,359254052,3805.0,3889.0
2025-04-09T11:55:45.168226,603515576,359254287,0.0,235.0
2025-04-09T11:55:46.170266,603515576,359254522,0.0,235.0
2025-04-09T11:55:47.171614,603519314,359258555,3738.0,4033.0
2025-04-09T11:55:48.172499,603519433,359258790,119.0,235.0
2025-04-09T11:55:49.174257,603519475,359258852,42.0,62.0
2025-04-09T11:55:50.176035,603526829,359269422,7354.0,10570.0
2025-04-09T11:55:51.177719,603533348,359272490,6519.0,3068.0
2025-04-09T11:55:52.179970,603533616,359272854,268.0,364.0
2025-04-09T11:55:53.181499,603537421,359276743,3805.0,3889.0
2025-04-09T11:55:54.183704,603537488,359276834,67.0,91.0
2025-04-09T11:55:55.186020,603537621,359277011,133.0,177.0
2025-04-09T11:55:56.188229,603541359,359280809,3738.0,3798.0
2025-04-09T11:55:57.190630,603541359,359280809,0.0,0.0
2025-04-09T11:55:58.191534,603541359,359280900,0.0,91.0
2025-04-09T11:55:59.193703,603545164,359284698,3805.0,3798.0
2025-04-09T11:56:00.195647,603545530,359285171,366.0,473.0
2025-04-09T11:56:01.197873,603546075,359285542,545.0,371.0
2025-04-09T11:56:02.199934,603549813,359289340,3738.0,3798.0
2025-04-09T11:56:03.202063,603549813,359289340,0.0,0.0
2025-04-09T11:56:04.204213,603549813,359289340,0.0,0.0
2025-04-09T11:56:05.205482,603560126,359300121,10313.0,10781.0
2025-04-09T11:56:06.207231,603570190,359300183,10064.0,62.0
2025-04-09T11:56:07.208382,603570256,359300269,66.0,86.0
2025-04-09T11:56:08.210301,603574113,359304067,3857.0,3798.0
2025-04-09T11:56:09.212063,603574113,359304067,0.0,0.0
2025-04-09T11:56:10.213751,603574113,359304067,0.0,0.0
2025-04-09T11:56:11.215528,603578171,359308228,4058.0,4161.0
2025-04-09T11:56:12.217260,603578439,359308592,268.0,364.0
2025-04-09T11:56:13.218988,603578506,359308683,67.0,91.0
2025-04-09T11:56:14.220670,603582311,359312572,3805.0,3889.0
2025-04-09T11:56:15.222364,603582378,359312663,67.0,91.0
2025-04-09T11:56:16.223464,603582378,359312663,0.0,0.0
2025-04-09T11:56:17.224424,603601958,359321974,19580.0,9311.0
2025-04-09T11:56:18.226157,603601958,359322065,0.0,91.0
2025-04-09T11:56:19.227430,603602025,359322065,67.0,0.0
2025-04-09T11:56:20.229227,603605763,359325863,3738.0,3798.0
2025-04-09T11:56:21.230375,603606066,359326047,303.0,184.0
2025-04-09T11:56:22.231473,603606510,359326391,444.0,344.0
2025-04-09T11:56:23.233338,603610248,359330189,3738.0,3798.0
2025-04-09T11:56:24.235106,603610248,359330189,0.0,0.0
2025-04-09T11:56:25.236402,603610315,359330280,67.0,91.0
2025-04-09T11:56:26.238135,603614053,359334078,3738.0,3798.0
2025-04-09T11:56:27.239858,603614053,359334078,0.0,0.0
2025-04-09T11:56:28.241386,603615909,359337516,1856.0,3438.0
2025-04-09T11:56:29.243193,603683936,359344631,68027.0,7115.0
2025-04-09T11:56:30.244436,603683936,359344631,0.0,0.0
2025-04-09T11:56:31.245428,603684056,359344726,120.0,95.0
2025-04-09T11:56:32.246623,603688062,359348888,4006.0,4162.0
2025-04-09T11:56:33.247511,603688263,359349161,201.0,273.0
2025-04-09T11:56:34.248648,603688330,359349252,67.0,91.0
2025-04-09T11:56:35.250509,603692068,359353050,3738.0,3798.0
2025-04-09T11:56:36.251505,603692135,359353141,67.0,91.0
2025-04-09T11:56:37.252524,603692135,359353141,0.0,0.0
2025-04-09T11:56:38.254525,603695873,359356939,3738.0,3798.0
2025-04-09T11:56:39.255595,603702189,359363558,6316.0,6619.0
2025-04-09T11:56:40.257623,603702255,359363644,66.0,86.0
2025-04-09T11:56:41.259845,603705993,359367442,3738.0,3798.0
2025-04-09T11:56:42.261642,603705993,359367442,0.0,0.0
2025-04-09T11:56:43.262625,603705993,359367442,0.0,0.0
2025-04-09T11:56:44.263674,603709731,359371240,3738.0,3798.0
2025-04-09T11:56:45.265619,603709798,359371331,67.0,91.0
2025-04-09T11:56:46.267642,603709864,359371417,66.0,86.0
2025-04-09T11:56:47.268540,603713602,359375215,3738.0,3798.0
2025-04-09T11:56:48.269629,603713721,359375215,119.0,0.0
2025-04-09T11:56:49.270507,603713721,359375215,0.0,0.0
2025-04-09T11:56:50.271471,603717459,359379013,3738.0,3798.0
2025-04-09T11:56:51.272493,603717459,359379013,0.0,0.0
2025-04-09T11:56:52.274261,603717847,359379472,388.0,459.0
2025-04-09T11:56:53.275499,603721786,359383543,3939.0,4071.0
2025-04-09T11:56:54.276665,603721903,359383634,117.0,91.0
2025-04-09T11:56:55.278683,603722011,359383634,108.0,0.0
2025-04-09T11:56:56.279661,603725928,359387609,3917.0,3975.0
2025-04-09T11:56:57.280680,603725970,359387671,42.0,62.0
2025-04-09T11:56:58.282583,603726024,359387671,54.0,0.0
2025-04-09T11:56:59.283725,603729875,359391560,3851.0,3889.0
2025-04-09T11:57:00.285683,603729875,359391560,0.0,0.0
2025-04-09T11:57:01.287504,603729875,359391560,0.0,0.0
2025-04-09T11:57:02.288523,603733613,359395358,3738.0,3798.0
2025-04-09T11:57:03.289505,603733613,359395440,0.0,82.0
2025-04-09T11:57:04.290514,603734446,359396185,833.0,745.0
2025-04-09T11:57:05.291497,603738184,359400074,3738.0,3889.0
2025-04-09T11:57:06.292837,603738251,359400074,67.0,0.0
2025-04-09T11:57:07.294672,603738251,359400074,0.0,0.0
2025-04-09T11:57:08.296635,603742108,359403872,3857.0,3798.0
2025-04-09T11:57:09.297855,603742108,359403872,0.0,0.0
2025-04-09T11:57:10.299667,603742108,359403872,0.0,0.0
2025-04-09T11:57:11.301668,603745888,359407732,3780.0,3860.0
2025-04-09T11:57:12.303557,603746128,359407828,240.0,96.0
2025-04-09T11:57:13.304837,603746396,359408192,268.0,364.0
2025-04-09T11:57:14.306544,603750335,359412263,3939.0,4071.0
2025-04-09T11:57:15.307646,603750402,359412354,67.0,91.0
2025-04-09T11:57:16.308647,603750468,359412440,66.0,86.0
2025-04-09T11:57:17.309575,603765569,359425100,15101.0,12660.0
2025-04-09T11:57:18.310480,603765569,359425100,0.0,0.0
2025-04-09T11:57:19.311490,603765569,359425100,0.0,0.0
2025-04-09T11:57:20.312544,603769374,359428989,3805.0,3889.0
2025-04-09T11:57:21.313526,603769374,359428989,0.0,0.0
2025-04-09T11:57:22.315346,603769596,359429161,222.0,172.0
2025-04-09T11:57:23.317083,603773334,359432959,3738.0,3798.0
2025-04-09T11:57:24.318807,603773334,359432959,0.0,0.0
2025-04-09T11:57:25.320493,603773454,359433045,120.0,86.0
2025-04-09T11:57:26.321370,603777259,359436934,3805.0,3889.0
2025-04-09T11:57:27.322431,603777259,359436934,0.0,0.0
2025-04-09T11:57:28.323425,603777378,359436934,119.0,0.0
2025-04-09T11:57:29.324414,603781116,359440732,3738.0,3798.0
2025-04-09T11:57:30.325379,603781116,359440732,0.0,0.0
2025-04-09T11:57:31.327119,603781116,359440732,0.0,0.0
2025-04-09T11:57:32.328855,603784854,359444530,3738.0,3798.0
2025-04-09T11:57:33.330542,603785241,359444984,387.0,454.0
2025-04-09T11:57:34.332257,603785442,359445257,201.0,273.0
2025-04-09T11:57:35.333983,603789314,359449237,3872.0,3980.0
2025-04-09T11:57:36.335394,603789314,359449237,0.0,0.0
2025-04-09T11:57:37.336402,603789381,359449328,67.0,91.0
2025-04-09T11:57:38.338144,603795833,359455798,6452.0,6470.0
2025-04-09T11:57:39.339470,603795833,359455798,0.0,0.0
2025-04-09T11:57:40.341372,603795900,359455889,67.0,91.0
