timestamp,rx_bytes,tx_bytes,rx_rate_bps,tx_rate_bps
2025-03-22T03:05:43.195382,148556231,61418855,1876.0,1916.0
2025-03-22T03:05:44.196447,148556675,61419113,444.0,258.0
2025-03-22T03:05:45.198515,148556675,61419113,0.0,0.0
2025-03-22T03:05:46.200592,148558551,61421029,1876.0,1916.0
2025-03-22T03:05:47.202458,148558551,61421029,0.0,0.0
2025-03-22T03:05:48.203359,148558551,61421029,0.0,0.0
2025-03-22T03:05:49.204386,148560427,61422945,1876.0,1916.0
2025-03-22T03:05:50.206289,148560427,61422945,0.0,0.0
2025-03-22T03:05:51.208127,148560427,61422945,0.0,0.0
2025-03-22T03:05:52.209948,148562369,61424947,1942.0,2002.0
2025-03-22T03:05:53.211930,148562489,61424947,120.0,0.0
2025-03-22T03:05:54.213741,148562489,61424947,0.0,0.0
2025-03-22T03:05:55.215729,148564365,61426863,1876.0,1916.0
2025-03-22T03:05:56.217638,148564365,61426863,0.0,0.0
2025-03-22T03:05:57.219659,148564407,61426925,42.0,62.0
2025-03-22T03:05:58.221592,148566283,61428841,1876.0,1916.0
2025-03-22T03:05:59.223925,148569774,61430054,3491.0,1213.0
2025-03-22T03:06:00.226220,148574261,61431680,4487.0,1626.0
2025-03-22T03:06:01.228395,148576137,61433596,1876.0,1916.0
2025-03-22T03:06:02.230728,148576137,61433596,0.0,0.0
2025-03-22T03:06:03.232570,148576137,61433596,0.0,0.0
2025-03-22T03:06:04.234389,148578013,61435512,1876.0,1916.0
2025-03-22T03:06:05.236472,148578235,61435684,222.0,172.0
2025-03-22T03:06:06.238635,148586202,61435684,7967.0,0.0
2025-03-22T03:06:07.240937,148590133,61437600,3931.0,1916.0
2025-03-22T03:06:08.243123,148590133,61437600,0.0,0.0
2025-03-22T03:06:09.245262,148590133,61437600,0.0,0.0
2025-03-22T03:06:10.246434,148592009,61439516,1876.0,1916.0
2025-03-22T03:06:11.247412,148592051,61439516,42.0,0.0
2025-03-22T03:06:12.249208,148592051,61439516,0.0,0.0
2025-03-22T03:06:13.250541,148593927,61441432,1876.0,1916.0
2025-03-22T03:06:14.252331,148593927,61441432,0.0,0.0
2025-03-22T03:06:15.254127,148593927,61441432,0.0,0.0
2025-03-22T03:06:16.255947,148595803,61443348,1876.0,1916.0
2025-03-22T03:06:17.257404,148595803,61443348,0.0,0.0
2025-03-22T03:06:18.259197,148595803,61443348,0.0,0.0
2025-03-22T03:06:19.260441,148597679,61445264,1876.0,1916.0
2025-03-22T03:06:20.261557,148597679,61445264,0.0,0.0
2025-03-22T03:06:21.263873,148597679,61445264,0.0,0.0
2025-03-22T03:06:22.265824,148599555,61447180,1876.0,1916.0
2025-03-22T03:06:23.267450,148599555,61447180,0.0,0.0
2025-03-22T03:06:24.268424,148599555,61447180,0.0,0.0
2025-03-22T03:06:25.269557,148601543,61449096,1988.0,1916.0
2025-03-22T03:06:26.270557,148601543,61449096,0.0,0.0
2025-03-22T03:06:27.271398,148601543,61449096,0.0,0.0
2025-03-22T03:06:28.272408,148603419,61451094,1876.0,1998.0
2025-03-22T03:06:29.273489,148603419,61451094,0.0,0.0
2025-03-22T03:06:30.274470,148603419,61451094,0.0,0.0
2025-03-22T03:06:31.275497,148605295,61453010,1876.0,1916.0
2025-03-22T03:06:32.276526,148605341,61453010,46.0,0.0
2025-03-22T03:06:33.277565,148605341,61453010,0.0,0.0
2025-03-22T03:06:34.278363,148607652,61455098,2311.0,2088.0
2025-03-22T03:06:35.279567,148607652,61455098,0.0,0.0
2025-03-22T03:06:36.281387,148607652,61455098,0.0,0.0
2025-03-22T03:06:37.282308,148609528,61457014,1876.0,1916.0
2025-03-22T03:06:38.283362,148609528,61457014,0.0,0.0
2025-03-22T03:06:39.284373,148616568,61460077,7040.0,3063.0
2025-03-22T03:06:40.285377,148702401,61481046,85833.0,20969.0
2025-03-22T03:06:41.286371,148737304,61481562,34903.0,516.0
2025-03-22T03:06:42.287360,148737304,61481562,0.0,0.0
2025-03-22T03:06:43.289164,148739180,61483478,1876.0,1916.0
2025-03-22T03:06:44.291072,148739180,61483478,0.0,0.0
2025-03-22T03:06:45.293289,148739222,61483540,42.0,62.0
2025-03-22T03:06:46.294618,148741542,61485714,2320.0,2174.0
2025-03-22T03:06:47.296418,148741542,61485714,0.0,0.0
2025-03-22T03:06:48.297553,148741542,61485714,0.0,0.0
2025-03-22T03:06:49.298515,148743460,61487630,1918.0,1916.0
2025-03-22T03:06:50.299419,148743460,61487630,0.0,0.0
2025-03-22T03:06:51.300520,148743460,61487630,0.0,0.0
2025-03-22T03:06:52.301423,148745378,61489546,1918.0,1916.0
2025-03-22T03:06:53.302559,148745378,61489546,0.0,0.0
2025-03-22T03:06:54.303406,148745378,61489546,0.0,0.0
2025-03-22T03:06:55.304804,148747254,61491462,1876.0,1916.0
2025-03-22T03:06:56.306787,148747254,61491462,0.0,0.0
2025-03-22T03:06:57.308904,148747254,61491462,0.0,0.0
2025-03-22T03:06:58.310609,148749130,61493378,1876.0,1916.0
2025-03-22T03:06:59.312522,148755675,61496131,6545.0,2753.0
2025-03-22T03:07:00.313370,148757108,61496217,1433.0,86.0
2025-03-22T03:07:01.315352,148758984,61498133,1876.0,1916.0
2025-03-22T03:07:02.316347,148758984,61498133,0.0,0.0
2025-03-22T03:07:03.318321,148758984,61498133,0.0,0.0
2025-03-22T03:07:04.320331,148760860,61500049,1876.0,1916.0
2025-03-22T03:07:05.322333,148761082,61500221,222.0,172.0
2025-03-22T03:07:06.323361,148761082,61500221,0.0,0.0
2025-03-22T03:07:07.324598,148762958,61502137,1876.0,1916.0
2025-03-22T03:07:08.326831,148762958,61502137,0.0,0.0
2025-03-22T03:07:09.328268,148762958,61502137,0.0,0.0
2025-03-22T03:07:10.330119,148764834,61504053,1876.0,1916.0
2025-03-22T03:07:11.331574,148764834,61504053,0.0,0.0
2025-03-22T03:07:12.333468,148764834,61504053,0.0,0.0
2025-03-22T03:07:13.335816,148766710,61505969,1876.0,1916.0
2025-03-22T03:07:14.338061,148766710,61505969,0.0,0.0
2025-03-22T03:07:15.339921,148766710,61505969,0.0,0.0
2025-03-22T03:07:16.341764,148768586,61507885,1876.0,1916.0
2025-03-22T03:07:17.343415,148768586,61507885,0.0,0.0
2025-03-22T03:07:18.345564,148768586,61507885,0.0,0.0
2025-03-22T03:07:19.347784,148770462,61509801,1876.0,1916.0
2025-03-22T03:07:20.350006,148770462,61509801,0.0,0.0
2025-03-22T03:07:21.351396,148770462,61509801,0.0,0.0
2025-03-22T03:07:22.352422,148772338,61511717,1876.0,1916.0
2025-03-22T03:07:23.354214,148772338,61511717,0.0,0.0
2025-03-22T03:07:24.356042,148772338,61511717,0.0,0.0
2025-03-22T03:07:25.357705,148774214,61513633,1876.0,1916.0
2025-03-22T03:07:26.359394,148774280,61513719,66.0,86.0
2025-03-22T03:07:27.360368,148774280,61513719,0.0,0.0
2025-03-22T03:07:28.362172,148776156,61515635,1876.0,1916.0
2025-03-22T03:07:29.363373,148776156,61515635,0.0,0.0
2025-03-22T03:07:30.365270,148776156,61515635,0.0,0.0
2025-03-22T03:07:31.367458,148778032,61517551,1876.0,1916.0
2025-03-22T03:07:32.369628,148778032,61517551,0.0,0.0
2025-03-22T03:07:33.371435,148778032,61517551,0.0,0.0
2025-03-22T03:07:34.373423,148779908,61519467,1876.0,1916.0
2025-03-22T03:07:35.375568,148779908,61519467,0.0,0.0
2025-03-22T03:07:36.377769,148779908,61519467,0.0,0.0
2025-03-22T03:07:37.379967,148781784,61521383,1876.0,1916.0
2025-03-22T03:07:38.381803,148781784,61521383,0.0,0.0
2025-03-22T03:07:39.383395,148781784,61521383,0.0,0.0
2025-03-22T03:07:40.385248,148785104,61524743,3320.0,3360.0
2025-03-22T03:07:41.386553,148800022,61530613,14918.0,5870.0
2025-03-22T03:07:42.387345,148813319,61537869,13297.0,7256.0
