timestamp,rx_bytes,tx_bytes,rx_rate_bps,tx_rate_bps
2025-03-22T04:28:55.285656,157441119,66296775,1876.0,1916.0
2025-03-22T04:28:56.287615,157441119,66296775,0.0,0.0
2025-03-22T04:28:57.289979,157441119,66296775,0.0,0.0
2025-03-22T04:28:58.291346,157442995,66298691,1876.0,1916.0
2025-03-22T04:28:59.292584,157449474,66301444,6479.0,2753.0
2025-03-22T04:29:00.293575,157450973,66301530,1499.0,86.0
2025-03-22T04:29:01.294437,157452849,66303446,1876.0,1916.0
2025-03-22T04:29:02.295457,157452891,66303446,42.0,0.0
2025-03-22T04:29:03.296434,157452933,66303446,42.0,0.0
2025-03-22T04:29:04.297419,157454851,66305362,1918.0,1916.0
2025-03-22T04:29:05.298360,157455115,66305596,264.0,234.0
2025-03-22T04:29:06.300170,157456162,66305596,1047.0,0.0
2025-03-22T04:29:07.301392,157458404,66307512,2242.0,1916.0
2025-03-22T04:29:08.303201,157458446,66307512,42.0,0.0
2025-03-22T04:29:09.304341,157458831,66307512,385.0,0.0
2025-03-22T04:29:10.306147,157460707,66309428,1876.0,1916.0
2025-03-22T04:29:11.307966,157460707,66309428,0.0,0.0
2025-03-22T04:29:12.309786,157460707,66309428,0.0,0.0
2025-03-22T04:29:13.311512,157462583,66311344,1876.0,1916.0
2025-03-22T04:29:14.313317,157462875,66311558,292.0,214.0
2025-03-22T04:29:15.315483,157463336,66311989,461.0,431.0
2025-03-22T04:29:16.317643,157465212,66313905,1876.0,1916.0
2025-03-22T04:29:17.319913,157465212,66313905,0.0,0.0
2025-03-22T04:29:18.321766,157465212,66313905,0.0,0.0
2025-03-22T04:29:19.323405,157467130,66315883,1918.0,1978.0
2025-03-22T04:29:20.324562,157467130,66315883,0.0,0.0
2025-03-22T04:29:21.326801,157467130,66315883,0.0,0.0
2025-03-22T04:29:22.329010,157469006,66317799,1876.0,1916.0
2025-03-22T04:29:23.331339,157469006,66317799,0.0,0.0
2025-03-22T04:29:24.333767,157469006,66317799,0.0,0.0
2025-03-22T04:29:25.336022,157470882,66319715,1876.0,1916.0
2025-03-22T04:29:26.338022,157470882,66319715,0.0,0.0
2025-03-22T04:29:27.339432,157470882,66319715,0.0,0.0
2025-03-22T04:29:28.340364,157472758,66321631,1876.0,1916.0
2025-03-22T04:29:29.342195,157479864,66324734,7106.0,3103.0
2025-03-22T04:29:30.343386,157481167,66324820,1303.0,86.0
2025-03-22T04:29:31.344500,157483043,66326736,1876.0,1916.0
2025-03-22T04:29:32.345569,157483043,66326736,0.0,0.0
2025-03-22T04:29:33.346486,157483043,66326736,0.0,0.0
2025-03-22T04:29:34.348294,157484919,66328652,1876.0,1916.0
2025-03-22T04:29:35.349391,157485183,66328824,264.0,172.0
2025-03-22T04:29:36.351215,157485183,66328824,0.0,0.0
2025-03-22T04:29:37.353193,157487059,66330740,1876.0,1916.0
2025-03-22T04:29:38.355228,157487101,66330740,42.0,0.0
2025-03-22T04:29:39.356406,157487143,66330740,42.0,0.0
2025-03-22T04:29:40.358384,157489061,66332656,1918.0,1916.0
2025-03-22T04:29:41.359401,157489061,66332656,0.0,0.0
2025-03-22T04:29:42.361197,157489061,66332656,0.0,0.0
2025-03-22T04:29:43.363228,157490979,66334572,1918.0,1916.0
2025-03-22T04:29:44.364367,157491063,66334572,84.0,0.0
2025-03-22T04:29:45.366318,157491113,66334572,50.0,0.0
2025-03-22T04:29:46.367418,157492989,66336488,1876.0,1916.0
2025-03-22T04:29:47.368356,157492989,66336488,0.0,0.0
2025-03-22T04:29:48.369313,157492989,66336488,0.0,0.0
2025-03-22T04:29:49.371412,157494865,66338404,1876.0,1916.0
2025-03-22T04:29:50.373758,157494865,66338404,0.0,0.0
2025-03-22T04:29:51.375782,157494865,66338404,0.0,0.0
2025-03-22T04:29:52.377551,157496795,66340320,1930.0,1916.0
2025-03-22T04:29:53.378416,157496795,66340320,0.0,0.0
2025-03-22T04:29:54.380255,157496849,66340402,54.0,82.0
2025-03-22T04:29:55.381407,157498725,66342318,1876.0,1916.0
2025-03-22T04:29:56.382546,157498725,66342318,0.0,0.0
2025-03-22T04:29:57.383423,157498725,66342318,0.0,0.0
2025-03-22T04:29:58.385587,157500601,66344234,1876.0,1916.0
2025-03-22T04:29:59.387542,157507146,66346987,6545.0,2753.0
2025-03-22T04:30:00.390068,157508579,66347073,1433.0,86.0
2025-03-22T04:30:01.391761,157510455,66348989,1876.0,1916.0
2025-03-22T04:30:02.393859,157510455,66348989,0.0,0.0
2025-03-22T04:30:03.395569,157510455,66348989,0.0,0.0
2025-03-22T04:30:04.397550,157512595,66351139,2140.0,2150.0
2025-03-22T04:30:05.399480,157512595,66351139,0.0,0.0
2025-03-22T04:30:06.401331,157522617,66351139,10022.0,0.0
2025-03-22T04:30:07.402725,157524493,66353055,1876.0,1916.0
2025-03-22T04:30:08.404766,157524493,66353055,0.0,0.0
2025-03-22T04:30:09.406488,157524493,66353055,0.0,0.0
2025-03-22T04:30:10.407575,157526369,66354971,1876.0,1916.0
2025-03-22T04:30:11.409353,157526369,66354971,0.0,0.0
2025-03-22T04:30:12.410721,157526369,66354971,0.0,0.0
2025-03-22T04:30:13.412375,157528245,66356887,1876.0,1916.0
2025-03-22T04:30:14.413448,157528245,66356887,0.0,0.0
2025-03-22T04:30:15.414372,157528245,66356887,0.0,0.0
2025-03-22T04:30:16.415415,157530121,66358803,1876.0,1916.0
2025-03-22T04:30:17.416372,157530121,66358803,0.0,0.0
2025-03-22T04:30:18.417402,157530121,66358803,0.0,0.0
2025-03-22T04:30:19.418386,157531997,66360719,1876.0,1916.0
2025-03-22T04:30:20.419389,157531997,66360719,0.0,0.0
2025-03-22T04:30:21.420451,157531997,66360719,0.0,0.0
2025-03-22T04:30:22.421387,157533873,66362635,1876.0,1916.0
2025-03-22T04:30:23.423174,157533873,66362635,0.0,0.0
2025-03-22T04:30:24.425279,157533873,66362635,0.0,0.0
2025-03-22T04:30:25.426744,157535749,66364551,1876.0,1916.0
2025-03-22T04:30:26.428928,157535749,66364551,0.0,0.0
2025-03-22T04:30:27.430422,157535749,66364551,0.0,0.0
2025-03-22T04:30:28.432261,157537625,66366467,1876.0,1916.0
2025-03-22T04:30:29.433438,157537625,66366467,0.0,0.0
2025-03-22T04:30:30.435521,157537625,66366467,0.0,0.0
2025-03-22T04:30:31.437870,157539501,66368383,1876.0,1916.0
2025-03-22T04:30:32.439885,157539501,66368383,0.0,0.0
2025-03-22T04:30:33.441746,157539501,66368383,0.0,0.0
2025-03-22T04:30:34.443488,157541377,66370299,1876.0,1916.0
2025-03-22T04:30:35.445454,157541377,66370299,0.0,0.0
2025-03-22T04:30:36.446514,157541377,66370299,0.0,0.0
2025-03-22T04:30:37.447365,157543253,66372215,1876.0,1916.0
2025-03-22T04:30:38.448410,157543253,66372215,0.0,0.0
2025-03-22T04:30:39.449418,157543253,66372215,0.0,0.0
2025-03-22T04:30:40.450369,157545129,66374131,1876.0,1916.0
2025-03-22T04:30:41.452414,157545171,66374131,42.0,0.0
2025-03-22T04:30:42.454518,157545171,66374131,0.0,0.0
2025-03-22T04:30:43.456659,157547047,66376047,1876.0,1916.0
2025-03-22T04:30:44.459054,157547047,66376047,0.0,0.0
2025-03-22T04:30:45.461274,157547047,66376047,0.0,0.0
2025-03-22T04:30:46.462463,157548923,66377963,1876.0,1916.0
2025-03-22T04:30:47.463594,157548923,66377963,0.0,0.0
2025-03-22T04:30:48.464850,157548923,66377963,0.0,0.0
2025-03-22T04:30:49.466376,157550799,66379879,1876.0,1916.0
2025-03-22T04:30:50.467396,157550799,66379879,0.0,0.0
2025-03-22T04:30:51.468413,157550799,66379879,0.0,0.0
2025-03-22T04:30:52.469322,157554119,66383239,3320.0,3360.0
2025-03-22T04:30:53.470376,157554119,66383239,0.0,0.0
2025-03-22T04:30:54.471543,157554119,66383239,0.0,0.0
