timestamp,rx_bytes,tx_bytes,rx_rate_bps,tx_rate_bps
2025-03-21T14:40:26.517520,67545923,17687708,1876.0,1916.0
2025-03-21T14:40:27.519417,67545923,17687708,0.0,0.0
2025-03-21T14:40:28.520390,67545923,17687708,0.0,0.0
2025-03-21T14:40:29.522544,67555777,17692463,9854.0,4755.0
2025-03-21T14:40:30.523274,67555777,17692463,0.0,0.0
2025-03-21T14:40:31.524302,67555777,17692463,0.0,0.0
2025-03-21T14:40:32.526010,67557653,17694379,1876.0,1916.0
2025-03-21T14:40:33.528154,67557653,17694379,0.0,0.0
2025-03-21T14:40:34.529386,67557901,17694613,248.0,234.0
2025-03-21T14:40:35.531542,67559843,17696529,1942.0,1916.0
2025-03-21T14:40:36.532358,67559843,17696529,0.0,0.0
2025-03-21T14:40:37.534513,67559843,17696529,0.0,0.0
2025-03-21T14:40:38.535468,67561773,17698445,1930.0,1916.0
2025-03-21T14:40:39.537251,67561773,17698445,0.0,0.0
2025-03-21T14:40:40.538294,67561923,17698507,150.0,62.0
2025-03-21T14:40:41.540003,67563853,17700505,1930.0,1998.0
2025-03-21T14:40:42.542138,67563907,17700505,54.0,0.0
2025-03-21T14:40:43.543381,67563907,17700505,0.0,0.0
2025-03-21T14:40:44.545539,67565886,17702421,1979.0,1916.0
2025-03-21T14:40:45.546404,67565886,17702421,0.0,0.0
2025-03-21T14:40:46.548408,67565886,17702421,0.0,0.0
2025-03-21T14:40:47.550382,67567762,17704337,1876.0,1916.0
2025-03-21T14:40:48.551581,67567828,17704423,66.0,86.0
2025-03-21T14:40:49.553477,67567828,17704423,0.0,0.0
2025-03-21T14:40:50.555374,67569704,17706339,1876.0,1916.0
2025-03-21T14:40:51.557259,67569704,17706339,0.0,0.0
2025-03-21T14:40:52.558401,67569704,17706339,0.0,0.0
2025-03-21T14:40:53.560278,67571646,17708341,1942.0,2002.0
2025-03-21T14:40:54.561382,67571646,17708341,0.0,0.0
2025-03-21T14:40:55.563440,67571646,17708341,0.0,0.0
2025-03-21T14:40:56.565603,67573522,17710257,1876.0,1916.0
2025-03-21T14:40:57.566768,67573522,17710257,0.0,0.0
2025-03-21T14:40:58.568436,67573564,17710319,42.0,62.0
2025-03-21T14:40:59.569310,67575440,17712235,1876.0,1916.0
2025-03-21T14:41:00.571290,67575440,17712235,0.0,0.0
2025-03-21T14:41:01.572399,67575440,17712235,0.0,0.0
2025-03-21T14:41:02.574483,67577316,17714151,1876.0,1916.0
2025-03-21T14:41:03.575416,67577316,17714151,0.0,0.0
2025-03-21T14:41:04.577787,67577419,17714151,103.0,0.0
2025-03-21T14:41:05.579606,67579295,17716067,1876.0,1916.0
2025-03-21T14:41:06.581369,67579295,17716067,0.0,0.0
2025-03-21T14:41:07.582297,67579337,17716067,42.0,0.0
2025-03-21T14:41:08.584001,67581297,17717983,1960.0,1916.0
2025-03-21T14:41:09.586213,67581297,17717983,0.0,0.0
2025-03-21T14:41:10.587577,67581297,17717983,0.0,0.0
2025-03-21T14:41:11.589918,67583173,17719899,1876.0,1916.0
2025-03-21T14:41:12.591935,67583340,17719899,167.0,0.0
2025-03-21T14:41:13.594160,67583340,17719899,0.0,0.0
2025-03-21T14:41:14.596000,67585216,17721815,1876.0,1916.0
2025-03-21T14:41:15.597298,67585216,17721815,0.0,0.0
2025-03-21T14:41:16.599009,67585216,17721815,0.0,0.0
2025-03-21T14:41:17.600724,67587092,17723841,1876.0,2026.0
2025-03-21T14:41:18.602419,67587182,17723841,90.0,0.0
2025-03-21T14:41:19.604523,67587182,17723841,0.0,0.0
2025-03-21T14:41:20.606845,67589058,17725757,1876.0,1916.0
2025-03-21T14:41:21.608854,67589058,17725757,0.0,0.0
2025-03-21T14:41:22.611244,67589058,17725757,0.0,0.0
2025-03-21T14:41:23.612604,67590976,17727735,1918.0,1978.0
2025-03-21T14:41:24.614307,67591079,17727735,103.0,0.0
2025-03-21T14:41:25.615340,67591079,17727735,0.0,0.0
2025-03-21T14:41:26.616499,67592955,17729651,1876.0,1916.0
2025-03-21T14:41:27.617389,67592955,17729651,0.0,0.0
2025-03-21T14:41:28.619253,67592955,17729651,0.0,0.0
2025-03-21T14:41:29.620416,67601871,17734851,8916.0,5200.0
2025-03-21T14:41:30.621390,67603370,17734937,1499.0,86.0
2025-03-21T14:41:31.622450,67603697,17735195,327.0,258.0
2025-03-21T14:41:32.623411,67605573,17737111,1876.0,1916.0
2025-03-21T14:41:33.624313,67605573,17737111,0.0,0.0
2025-03-21T14:41:34.625279,67605615,17737173,42.0,62.0
2025-03-21T14:41:35.626425,67607713,17739261,2098.0,2088.0
2025-03-21T14:41:36.627438,67607713,17739261,0.0,0.0
2025-03-21T14:41:37.629469,67607713,17739261,0.0,0.0
2025-03-21T14:41:38.630411,67609589,17741177,1876.0,1916.0
2025-03-21T14:41:39.632764,67609589,17741177,0.0,0.0
2025-03-21T14:41:40.634824,67609589,17741177,0.0,0.0
2025-03-21T14:41:41.636865,67611465,17743179,1876.0,2002.0
2025-03-21T14:41:42.638328,67611531,17743179,66.0,0.0
2025-03-21T14:41:43.639334,67611531,17743179,0.0,0.0
2025-03-21T14:41:44.641432,67613510,17745095,1979.0,1916.0
2025-03-21T14:41:45.643599,67613510,17745095,0.0,0.0
2025-03-21T14:41:46.645427,67613510,17745095,0.0,0.0
2025-03-21T14:41:47.646412,67615386,17747011,1876.0,1916.0
2025-03-21T14:41:48.647426,67615386,17747011,0.0,0.0
2025-03-21T14:41:49.648421,67615386,17747011,0.0,0.0
2025-03-21T14:41:50.649392,67617262,17748927,1876.0,1916.0
2025-03-21T14:41:51.650249,67617262,17748927,0.0,0.0
2025-03-21T14:41:52.652343,67617262,17748927,0.0,0.0
2025-03-21T14:41:53.653390,67619138,17750843,1876.0,1916.0
2025-03-21T14:41:54.654410,67619180,17750843,42.0,0.0
2025-03-21T14:41:55.656237,67619180,17750843,0.0,0.0
2025-03-21T14:41:56.658128,67621056,17752759,1876.0,1916.0
2025-03-21T14:41:57.660084,67621056,17752759,0.0,0.0
2025-03-21T14:41:58.662113,67621056,17752759,0.0,0.0
2025-03-21T14:41:59.663269,67622932,17754675,1876.0,1916.0
2025-03-21T14:42:00.664315,67622932,17754675,0.0,0.0
2025-03-21T14:42:01.665562,67622932,17754675,0.0,0.0
2025-03-21T14:42:02.666413,67624808,17756591,1876.0,1916.0
2025-03-21T14:42:03.672261,67624808,17756591,0.0,0.0
2025-03-21T14:42:04.674127,67624911,17756591,103.0,0.0
2025-03-21T14:42:05.675581,67626787,17758507,1876.0,1916.0
2025-03-21T14:42:06.676562,67636809,17758507,10022.0,0.0
2025-03-21T14:42:07.677363,67636809,17758507,0.0,0.0
2025-03-21T14:42:08.678332,67638685,17760423,1876.0,1916.0
2025-03-21T14:42:09.680055,67638685,17760423,0.0,0.0
2025-03-21T14:42:10.682369,67638685,17760423,0.0,0.0
2025-03-21T14:42:11.683589,67640561,17762339,1876.0,1916.0
2025-03-21T14:42:12.685915,67640728,17762339,167.0,0.0
2025-03-21T14:42:13.687791,67640728,17762339,0.0,0.0
2025-03-21T14:42:14.689647,67642604,17764255,1876.0,1916.0
2025-03-21T14:42:15.691504,67642604,17764255,0.0,0.0
2025-03-21T14:42:16.693243,67642658,17764255,54.0,0.0
2025-03-21T14:42:17.694962,67644534,17766171,1876.0,1916.0
2025-03-21T14:42:18.697022,67644534,17766171,0.0,0.0
2025-03-21T14:42:19.698434,67644534,17766171,0.0,0.0
2025-03-21T14:42:20.700612,67646410,17768087,1876.0,1916.0
2025-03-21T14:42:21.702478,67646452,17768149,42.0,62.0
2025-03-21T14:42:22.704569,67646452,17768149,0.0,0.0
2025-03-21T14:42:23.706491,67649772,17771509,3320.0,3360.0
2025-03-21T14:42:24.707445,67649875,17771509,103.0,0.0
2025-03-21T14:42:25.708354,67649875,17771509,0.0,0.0
