timestamp,rx_bytes,tx_bytes,rx_rate_bps,tx_rate_bps
2025-03-21T21:46:21.009344,116058915,42953788,1876.0,1916.0
2025-03-21T21:46:22.010597,116058915,42953788,0.0,0.0
2025-03-21T21:46:23.012905,116058915,42953788,0.0,0.0
2025-03-21T21:46:24.015208,116060791,42955704,1876.0,1916.0
2025-03-21T21:46:25.016383,116060791,42955704,0.0,0.0
2025-03-21T21:46:26.018093,116060791,42955704,0.0,0.0
2025-03-21T21:46:27.019975,116062667,42957620,1876.0,1916.0
2025-03-21T21:46:28.021716,116062667,42957620,0.0,0.0
2025-03-21T21:46:29.023442,116062667,42957620,0.0,0.0
2025-03-21T21:46:30.025447,116064543,42959536,1876.0,1916.0
2025-03-21T21:46:31.027643,116064543,42959536,0.0,0.0
2025-03-21T21:46:32.029910,116064543,42959536,0.0,0.0
2025-03-21T21:46:33.031777,116066419,42961452,1876.0,1916.0
2025-03-21T21:46:34.033986,116066419,42961452,0.0,0.0
2025-03-21T21:46:35.036216,116066419,42961452,0.0,0.0
2025-03-21T21:46:36.037408,116068295,42963368,1876.0,1916.0
2025-03-21T21:46:37.038281,116068295,42963368,0.0,0.0
2025-03-21T21:46:38.039285,116068295,42963368,0.0,0.0
2025-03-21T21:46:39.040290,116070171,42965284,1876.0,1916.0
2025-03-21T21:46:40.042026,116070241,42965284,70.0,0.0
2025-03-21T21:46:41.044144,116070241,42965284,0.0,0.0
2025-03-21T21:46:42.045388,116072117,42967200,1876.0,1916.0
2025-03-21T21:46:43.047616,116072117,42967200,0.0,0.0
2025-03-21T21:46:44.050042,116072117,42967200,0.0,0.0
2025-03-21T21:46:45.051552,116073993,42969116,1876.0,1916.0
2025-03-21T21:46:46.053815,116073993,42969116,0.0,0.0
2025-03-21T21:46:47.055839,116073993,42969116,0.0,0.0
2025-03-21T21:46:48.057562,116075869,42971032,1876.0,1916.0
2025-03-21T21:46:49.059421,116075869,42971032,0.0,0.0
2025-03-21T21:46:50.060345,116075869,42971032,0.0,0.0
2025-03-21T21:46:51.061538,116077745,42972948,1876.0,1916.0
2025-03-21T21:46:52.063379,116077811,42973034,66.0,86.0
2025-03-21T21:46:53.065835,116077811,42973034,0.0,0.0
2025-03-21T21:46:54.067416,116079687,42974950,1876.0,1916.0
2025-03-21T21:46:55.068844,116079687,42974950,0.0,0.0
2025-03-21T21:46:56.070484,116079687,42974950,0.0,0.0
2025-03-21T21:46:57.071414,116081689,42976990,2002.0,2040.0
2025-03-21T21:46:58.073296,116081731,42976990,42.0,0.0
2025-03-21T21:46:59.075198,116081731,42976990,0.0,0.0
2025-03-21T21:47:00.076351,116091585,42981745,9854.0,4755.0
2025-03-21T21:47:01.077415,116091585,42981745,0.0,0.0
2025-03-21T21:47:02.078450,116091585,42981745,0.0,0.0
2025-03-21T21:47:03.079401,116093461,42983661,1876.0,1916.0
2025-03-21T21:47:04.081219,116093461,42983661,0.0,0.0
2025-03-21T21:47:05.083230,116093683,42983833,222.0,172.0
2025-03-21T21:47:06.084406,116095559,42985749,1876.0,1916.0
2025-03-21T21:47:07.086209,116095559,42985749,0.0,0.0
2025-03-21T21:47:08.087520,116095559,42985749,0.0,0.0
2025-03-21T21:47:09.088405,116097435,42987665,1876.0,1916.0
2025-03-21T21:47:10.089434,116097435,42987665,0.0,0.0
2025-03-21T21:47:11.090545,116097435,42987665,0.0,0.0
2025-03-21T21:47:12.091586,116099311,42989581,1876.0,1916.0
2025-03-21T21:47:13.093519,116099311,42989581,0.0,0.0
2025-03-21T21:47:14.094427,116099311,42989581,0.0,0.0
2025-03-21T21:47:15.095514,116101187,42991497,1876.0,1916.0
2025-03-21T21:47:16.096392,116101187,42991497,0.0,0.0
2025-03-21T21:47:17.097404,116101187,42991497,0.0,0.0
2025-03-21T21:47:18.098550,116103063,42993413,1876.0,1916.0
2025-03-21T21:47:19.100661,116103063,42993413,0.0,0.0
2025-03-21T21:47:20.102949,116103063,42993413,0.0,0.0
2025-03-21T21:47:21.104384,116104939,42995329,1876.0,1916.0
2025-03-21T21:47:22.106554,116104939,42995329,0.0,0.0
2025-03-21T21:47:23.108885,116104939,42995329,0.0,0.0
2025-03-21T21:47:24.110905,116106815,42997245,1876.0,1916.0
2025-03-21T21:47:25.112728,116106815,42997245,0.0,0.0
2025-03-21T21:47:26.114440,116106815,42997245,0.0,0.0
2025-03-21T21:47:27.115315,116108691,42999161,1876.0,1916.0
2025-03-21T21:47:28.117147,116108691,42999161,0.0,0.0
2025-03-21T21:47:29.118394,116108691,42999161,0.0,0.0
2025-03-21T21:47:30.119306,116110567,43001077,1876.0,1916.0
2025-03-21T21:47:31.121422,116110567,43001077,0.0,0.0
2025-03-21T21:47:32.123386,116111311,43001077,744.0,0.0
2025-03-21T21:47:33.124388,116113283,43002993,1972.0,1916.0
2025-03-21T21:47:34.125560,116113676,43003263,393.0,270.0
2025-03-21T21:47:35.126554,116113676,43003263,0.0,0.0
2025-03-21T21:47:36.127386,116115552,43005179,1876.0,1916.0
2025-03-21T21:47:37.128401,116115552,43005179,0.0,0.0
2025-03-21T21:47:38.129384,116115552,43005179,0.0,0.0
2025-03-21T21:47:39.131098,116117512,43007219,1960.0,2040.0
2025-03-21T21:47:40.132306,116117562,43007219,50.0,0.0
2025-03-21T21:47:41.134104,116117616,43007219,54.0,0.0
2025-03-21T21:47:42.136161,116119492,43009135,1876.0,1916.0
2025-03-21T21:47:43.137420,116119982,43009337,490.0,202.0
2025-03-21T21:47:44.139544,116119982,43009337,0.0,0.0
2025-03-21T21:47:45.141845,116121858,43011253,1876.0,1916.0
2025-03-21T21:47:46.143408,116121858,43011253,0.0,0.0
2025-03-21T21:47:47.145478,116121954,43011253,96.0,0.0
2025-03-21T21:47:48.147632,116123872,43013169,1918.0,1916.0
2025-03-21T21:47:49.149564,116123872,43013169,0.0,0.0
2025-03-21T21:47:50.151380,116123918,43013169,46.0,0.0
2025-03-21T21:47:51.153188,116125794,43015085,1876.0,1916.0
2025-03-21T21:47:52.154992,116125794,43015085,0.0,0.0
2025-03-21T21:47:53.156809,116125794,43015085,0.0,0.0
2025-03-21T21:47:54.158647,116127670,43017001,1876.0,1916.0
2025-03-21T21:47:55.160466,116127670,43017001,0.0,0.0
2025-03-21T21:47:56.161447,116127670,43017001,0.0,0.0
2025-03-21T21:47:57.162563,116129546,43018917,1876.0,1916.0
2025-03-21T21:47:58.164536,116129546,43018917,0.0,0.0
2025-03-21T21:47:59.166391,116129807,43019287,261.0,370.0
2025-03-21T21:48:00.168612,116139961,43024203,10154.0,4916.0
2025-03-21T21:48:01.170403,116139961,43024203,0.0,0.0
2025-03-21T21:48:02.171543,116139961,43024203,0.0,0.0
2025-03-21T21:48:03.172361,116141837,43026119,1876.0,1916.0
2025-03-21T21:48:04.174158,116141837,43026119,0.0,0.0
2025-03-21T21:48:05.175951,116142101,43026353,264.0,234.0
2025-03-21T21:48:06.177374,116151944,43028269,9843.0,1916.0
2025-03-21T21:48:07.178581,116153999,43028269,2055.0,0.0
2025-03-21T21:48:08.180812,116153999,43028269,0.0,0.0
2025-03-21T21:48:09.182442,116155875,43030185,1876.0,1916.0
2025-03-21T21:48:10.184605,116155875,43030185,0.0,0.0
2025-03-21T21:48:11.186862,116155875,43030185,0.0,0.0
2025-03-21T21:48:12.188407,116157751,43032101,1876.0,1916.0
2025-03-21T21:48:13.190553,116157751,43032101,0.0,0.0
2025-03-21T21:48:14.192759,116157751,43032101,0.0,0.0
2025-03-21T21:48:15.194567,116159627,43034017,1876.0,1916.0
2025-03-21T21:48:16.196327,116159627,43034017,0.0,0.0
2025-03-21T21:48:17.197517,116159627,43034017,0.0,0.0
2025-03-21T21:48:18.199413,116162947,43037377,3320.0,3360.0
2025-03-21T21:48:19.201212,116162947,43037377,0.0,0.0
2025-03-21T21:48:20.202360,116162947,43037377,0.0,0.0
