timestamp,rx_bytes,tx_bytes,rx_rate_bps,tx_rate_bps
2025-03-26T13:54:08.069408,1136033703,471321274,1876.0,1916.0
2025-03-26T13:54:09.070423,1136033840,471321274,137.0,0.0
2025-03-26T13:54:10.072240,1136033840,471321274,0.0,0.0
2025-03-26T13:54:11.074983,1136035895,471323190,2055.0,1916.0
2025-03-26T13:54:12.076325,1136035972,471323190,77.0,0.0
2025-03-26T13:54:13.077398,1136094726,471329481,58754.0,6291.0
2025-03-26T13:54:14.079096,1136102645,471331569,7919.0,2088.0
2025-03-26T13:54:15.080653,1136102824,471331569,179.0,0.0
2025-03-26T13:54:16.082364,1136102824,471331569,0.0,0.0
2025-03-26T13:54:17.083335,1136108580,471333485,5756.0,1916.0
2025-03-26T13:54:18.084462,1136109613,471333485,1033.0,0.0
2025-03-26T13:54:19.085424,1136109613,471333485,0.0,0.0
2025-03-26T13:54:20.086420,1136111591,471335401,1978.0,1916.0
2025-03-26T13:54:21.087449,1136111710,471335401,119.0,0.0
2025-03-26T13:54:22.088361,1136111812,471335401,102.0,0.0
2025-03-26T13:54:23.089434,1136113730,471337317,1918.0,1916.0
2025-03-26T13:54:24.090480,1136113909,471337317,179.0,0.0
2025-03-26T13:54:25.091324,1136113951,471337317,42.0,0.0
2025-03-26T13:54:26.092378,1136115929,471339233,1978.0,1916.0
2025-03-26T13:54:27.094077,1136116048,471339233,119.0,0.0
2025-03-26T13:54:28.095341,1136116150,471339233,102.0,0.0
2025-03-26T13:54:29.096294,1136118068,471341149,1918.0,1916.0
2025-03-26T13:54:30.097290,1136126656,471344338,8588.0,3189.0
2025-03-26T13:54:31.098577,1136126817,471344338,161.0,0.0
2025-03-26T13:54:32.100491,1136128795,471346254,1978.0,1916.0
2025-03-26T13:54:33.103575,1136128914,471346254,119.0,0.0
2025-03-26T13:54:34.104482,1136128980,471346340,66.0,86.0
2025-03-26T13:54:35.105407,1136131180,471348428,2200.0,2088.0
2025-03-26T13:54:36.106443,1136131299,471348428,119.0,0.0
2025-03-26T13:54:37.107410,1136132216,471349159,917.0,731.0
2025-03-26T13:54:38.108595,1136134092,471351075,1876.0,1916.0
2025-03-26T13:54:39.110471,1136134271,471351137,179.0,62.0
2025-03-26T13:54:40.112416,1136134313,471351137,42.0,0.0
2025-03-26T13:54:41.114222,1136136291,471353053,1978.0,1916.0
2025-03-26T13:54:42.115415,1136136410,471353053,119.0,0.0
2025-03-26T13:54:43.116405,1136136470,471353053,60.0,0.0
2025-03-26T13:54:44.117581,1136138346,471354969,1876.0,1916.0
2025-03-26T13:54:45.118372,1136138483,471354969,137.0,0.0
2025-03-26T13:54:46.119355,1136138483,471354969,0.0,0.0
2025-03-26T13:54:47.120385,1136140419,471356885,1936.0,1916.0
2025-03-26T13:54:48.121483,1136140496,471356885,77.0,0.0
2025-03-26T13:54:49.122339,1136140556,471356885,60.0,0.0
2025-03-26T13:54:50.123568,1136142432,471358801,1876.0,1916.0
2025-03-26T13:54:51.125430,1136142628,471358801,196.0,0.0
2025-03-26T13:54:52.126400,1136142738,471358883,110.0,82.0
2025-03-26T13:54:53.127558,1136144738,471360799,2000.0,1916.0
2025-03-26T13:54:54.129619,1136144875,471360799,137.0,0.0
2025-03-26T13:54:55.131339,1136144929,471360799,54.0,0.0
2025-03-26T13:54:56.132344,1136146919,471362715,1990.0,1916.0
2025-03-26T13:54:57.133472,1136147096,471362715,177.0,0.0
2025-03-26T13:54:58.134351,1136152101,471362715,5005.0,0.0
2025-03-26T13:54:59.135313,1136156317,471364631,4216.0,1916.0
2025-03-26T13:55:00.136360,1136165521,471367470,9204.0,2839.0
2025-03-26T13:55:01.137456,1136166049,471367556,528.0,86.0
2025-03-26T13:55:02.138350,1136169262,471369472,3213.0,1916.0
2025-03-26T13:55:03.139310,1136169339,471369472,77.0,0.0
2025-03-26T13:55:04.140457,1136169845,471369472,506.0,0.0
2025-03-26T13:55:05.141517,1136172053,471371560,2208.0,2088.0
2025-03-26T13:55:06.142330,1136172260,471371560,207.0,0.0
2025-03-26T13:55:07.143349,1136172370,471371560,110.0,0.0
2025-03-26T13:55:08.144520,1136174306,471373476,1936.0,1916.0
2025-03-26T13:55:09.145475,1136174383,471373476,77.0,0.0
2025-03-26T13:55:10.146516,1136174383,471373476,0.0,0.0
2025-03-26T13:55:11.148503,1136177101,471375392,2718.0,1916.0
2025-03-26T13:55:12.149359,1136177178,471375392,77.0,0.0
2025-03-26T13:55:13.151103,1136177238,471375392,60.0,0.0
2025-03-26T13:55:14.153733,1136179114,471377308,1876.0,1916.0
2025-03-26T13:55:15.155278,1136179251,471377308,137.0,0.0
2025-03-26T13:55:16.156458,1136179251,471377308,0.0,0.0
2025-03-26T13:55:17.157369,1136181187,471379224,1936.0,1916.0
2025-03-26T13:55:18.158609,1136181264,471379224,77.0,0.0
2025-03-26T13:55:19.160398,1136181324,471379224,60.0,0.0
2025-03-26T13:55:20.162330,1136183200,471381140,1876.0,1916.0
2025-03-26T13:55:21.163324,1136183337,471381140,137.0,0.0
2025-03-26T13:55:22.164564,1136183469,471381312,132.0,172.0
2025-03-26T13:55:23.166302,1136185405,471383228,1936.0,1916.0
2025-03-26T13:55:24.167665,1136185482,471383228,77.0,0.0
2025-03-26T13:55:25.169297,1136185542,471383228,60.0,0.0
2025-03-26T13:55:26.170454,1136187418,471385144,1876.0,1916.0
2025-03-26T13:55:27.171312,1136187597,471385206,179.0,62.0
2025-03-26T13:55:28.172588,1136187597,471385206,0.0,0.0
2025-03-26T13:55:29.174549,1136189473,471387122,1876.0,1916.0
2025-03-26T13:55:30.175282,1136189610,471387122,137.0,0.0
2025-03-26T13:55:31.176610,1136189729,471387122,119.0,0.0
2025-03-26T13:55:32.178466,1136191665,471389038,1936.0,1916.0
2025-03-26T13:55:33.179508,1136191742,471389038,77.0,0.0
2025-03-26T13:55:34.180352,1136192091,471389038,349.0,0.0
2025-03-26T13:55:35.181533,1136193967,471390954,1876.0,1916.0
2025-03-26T13:55:36.182398,1136194104,471390954,137.0,0.0
2025-03-26T13:55:37.183273,1136194196,471390954,92.0,0.0
2025-03-26T13:55:38.184363,1136196887,471392870,2691.0,1916.0
2025-03-26T13:55:39.185645,1136196964,471392870,77.0,0.0
2025-03-26T13:55:40.187629,1136197116,471392870,152.0,0.0
2025-03-26T13:55:41.189485,1136198992,471394786,1876.0,1916.0
2025-03-26T13:55:42.190426,1136199129,471394786,137.0,0.0
2025-03-26T13:55:43.191744,1136199522,471394970,393.0,184.0
2025-03-26T13:55:44.193368,1136201398,471396886,1876.0,1916.0
2025-03-26T13:55:45.194342,1136201535,471396886,137.0,0.0
2025-03-26T13:55:46.195466,1136201535,471396886,0.0,0.0
2025-03-26T13:55:47.196317,1136203471,471398802,1936.0,1916.0
2025-03-26T13:55:48.197332,1136203548,471398802,77.0,0.0
2025-03-26T13:55:49.198602,1136203692,471398864,144.0,62.0
2025-03-26T13:55:50.200480,1136205568,471400780,1876.0,1916.0
2025-03-26T13:55:51.201390,1136205878,471400780,310.0,0.0
2025-03-26T13:55:52.202536,1136205878,471400780,0.0,0.0
2025-03-26T13:55:53.203331,1136207814,471402696,1936.0,1916.0
2025-03-26T13:55:54.204329,1136207891,471402696,77.0,0.0
2025-03-26T13:55:55.206075,1136207951,471402696,60.0,0.0
2025-03-26T13:55:56.207500,1136209827,471404612,1876.0,1916.0
2025-03-26T13:55:57.208489,1136210018,471404612,191.0,0.0
2025-03-26T13:55:58.209806,1136210018,471404612,0.0,0.0
2025-03-26T13:55:59.211409,1136212529,471407842,2511.0,3230.0
2025-03-26T13:56:00.212434,1136220570,471409898,8041.0,2056.0
2025-03-26T13:56:01.213547,1136220570,471409898,0.0,0.0
2025-03-26T13:56:02.214304,1136222506,471411814,1936.0,1916.0
2025-03-26T13:56:03.215456,1136222583,471411814,77.0,0.0
2025-03-26T13:56:04.216316,1136222643,471411814,60.0,0.0
2025-03-26T13:56:05.217439,1136226185,471415346,3542.0,3532.0
2025-03-26T13:56:06.218328,1136228303,471415346,2118.0,0.0
2025-03-26T13:56:07.219544,1136235805,471415346,7502.0,0.0
