timestamp,rx_bytes,tx_bytes,rx_rate_bps,tx_rate_bps
2025-03-26T12:18:04.973611,1125039555,465334296,2140.0,2088.0
2025-03-26T12:18:05.975459,1125047564,465334296,8009.0,0.0
2025-03-26T12:18:06.976425,1125049619,465334296,2055.0,0.0
2025-03-26T12:18:07.977316,1125051495,465336212,1876.0,1916.0
2025-03-26T12:18:08.978370,1125051495,465336212,0.0,0.0
2025-03-26T12:18:09.979489,1125051495,465336212,0.0,0.0
2025-03-26T12:18:10.980551,1125053371,465338128,1876.0,1916.0
2025-03-26T12:18:11.981578,1125053371,465338128,0.0,0.0
2025-03-26T12:18:12.983425,1125053371,465338128,0.0,0.0
2025-03-26T12:18:13.984439,1125055247,465340044,1876.0,1916.0
2025-03-26T12:18:14.985443,1125055247,465340044,0.0,0.0
2025-03-26T12:18:15.986567,1125055247,465340044,0.0,0.0
2025-03-26T12:18:16.988425,1125057123,465341960,1876.0,1916.0
2025-03-26T12:18:17.989393,1125057123,465341960,0.0,0.0
2025-03-26T12:18:18.990374,1125057123,465341960,0.0,0.0
2025-03-26T12:18:19.991384,1125058999,465343876,1876.0,1916.0
2025-03-26T12:18:20.992436,1125058999,465343876,0.0,0.0
2025-03-26T12:18:21.994425,1125058999,465343876,0.0,0.0
2025-03-26T12:18:22.996464,1125060875,465345792,1876.0,1916.0
2025-03-26T12:18:23.997427,1125060875,465345792,0.0,0.0
2025-03-26T12:18:24.998577,1125060875,465345792,0.0,0.0
2025-03-26T12:18:25.999658,1125062751,465347708,1876.0,1916.0
2025-03-26T12:18:27.001404,1125062751,465347708,0.0,0.0
2025-03-26T12:18:28.002550,1125062751,465347708,0.0,0.0
2025-03-26T12:18:29.003396,1125064627,465349624,1876.0,1916.0
2025-03-26T12:18:30.004494,1125064627,465349624,0.0,0.0
2025-03-26T12:18:31.005438,1125066677,465349624,2050.0,0.0
2025-03-26T12:18:32.006985,1125070603,465351540,3926.0,1916.0
2025-03-26T12:18:33.008419,1125073295,465351540,2692.0,0.0
2025-03-26T12:18:34.009422,1125075349,465351626,2054.0,86.0
2025-03-26T12:18:35.010587,1125079275,465353542,3926.0,1916.0
2025-03-26T12:18:36.012387,1125079275,465353542,0.0,0.0
2025-03-26T12:18:37.013518,1125079275,465353542,0.0,0.0
2025-03-26T12:18:38.014721,1125081151,465355458,1876.0,1916.0
2025-03-26T12:18:39.016552,1125081193,465355520,42.0,62.0
2025-03-26T12:18:40.017549,1125081193,465355520,0.0,0.0
2025-03-26T12:18:41.018421,1125083069,465357436,1876.0,1916.0
2025-03-26T12:18:42.019422,1125083069,465357436,0.0,0.0
2025-03-26T12:18:43.020384,1125083111,465357436,42.0,0.0
2025-03-26T12:18:44.021392,1125084987,465359352,1876.0,1916.0
2025-03-26T12:18:45.022533,1125084987,465359352,0.0,0.0
2025-03-26T12:18:46.023412,1125084987,465359352,0.0,0.0
2025-03-26T12:18:47.024402,1125086863,465361268,1876.0,1916.0
2025-03-26T12:18:48.025603,1125086863,465361268,0.0,0.0
2025-03-26T12:18:49.027528,1125086863,465361268,0.0,0.0
2025-03-26T12:18:50.028454,1125088739,465363184,1876.0,1916.0
2025-03-26T12:18:51.029581,1125088739,465363184,0.0,0.0
2025-03-26T12:18:52.031388,1125088739,465363184,0.0,0.0
2025-03-26T12:18:53.032422,1125090657,465365100,1918.0,1916.0
2025-03-26T12:18:54.033421,1125090657,465365100,0.0,0.0
2025-03-26T12:18:55.034433,1125090657,465365100,0.0,0.0
2025-03-26T12:18:56.035579,1125092533,465367016,1876.0,1916.0
2025-03-26T12:18:57.037536,1125092533,465367016,0.0,0.0
2025-03-26T12:18:58.038392,1125092533,465367016,0.0,0.0
2025-03-26T12:18:59.039416,1125094409,465368932,1876.0,1916.0
2025-03-26T12:19:00.040427,1125102387,465371771,7978.0,2839.0
2025-03-26T12:19:01.041418,1125102387,465371771,0.0,0.0
2025-03-26T12:19:02.042381,1125104313,465373687,1926.0,1916.0
2025-03-26T12:19:03.043565,1125104313,465373687,0.0,0.0
2025-03-26T12:19:04.045371,1125104313,465373687,0.0,0.0
2025-03-26T12:19:05.047383,1125106495,465375899,2182.0,2212.0
2025-03-26T12:19:06.048564,1125106541,465375899,46.0,0.0
2025-03-26T12:19:07.050645,1125106595,465375899,54.0,0.0
2025-03-26T12:19:08.052482,1125165356,465384778,58761.0,8879.0
2025-03-26T12:19:09.053539,1125165356,465384778,0.0,0.0
2025-03-26T12:19:10.054534,1125165410,465384778,54.0,0.0
2025-03-26T12:19:11.056362,1125167286,465386694,1876.0,1916.0
2025-03-26T12:19:12.057483,1125167332,465386776,46.0,82.0
2025-03-26T12:19:13.058417,1125167332,465386776,0.0,0.0
2025-03-26T12:19:14.059431,1125169208,465388692,1876.0,1916.0
2025-03-26T12:19:15.060396,1125169208,465388692,0.0,0.0
2025-03-26T12:19:16.061439,1125169250,465388692,42.0,0.0
2025-03-26T12:19:17.062404,1125171126,465390608,1876.0,1916.0
2025-03-26T12:19:18.063466,1125171126,465390608,0.0,0.0
2025-03-26T12:19:19.064410,1125171192,465390694,66.0,86.0
2025-03-26T12:19:20.065509,1125173068,465392610,1876.0,1916.0
2025-03-26T12:19:21.066651,1125173068,465392610,0.0,0.0
2025-03-26T12:19:22.068434,1125173068,465392610,0.0,0.0
2025-03-26T12:19:23.069565,1125174944,465394526,1876.0,1916.0
2025-03-26T12:19:24.071440,1125174944,465394526,0.0,0.0
2025-03-26T12:19:25.072540,1125174944,465394526,0.0,0.0
2025-03-26T12:19:26.074159,1125176820,465396442,1876.0,1916.0
2025-03-26T12:19:27.075592,1125176820,465396442,0.0,0.0
2025-03-26T12:19:28.077432,1125176820,465396442,0.0,0.0
2025-03-26T12:19:29.078501,1125178696,465398358,1876.0,1916.0
2025-03-26T12:19:30.079427,1125187105,465401547,8409.0,3189.0
2025-03-26T12:19:31.080589,1125187105,465401547,0.0,0.0
2025-03-26T12:19:32.082458,1125188981,465403463,1876.0,1916.0
2025-03-26T12:19:33.083431,1125188981,465403463,0.0,0.0
2025-03-26T12:19:34.084647,1125188981,465403463,0.0,0.0
2025-03-26T12:19:35.086559,1125191079,465405551,2098.0,2088.0
2025-03-26T12:19:36.087395,1125191079,465405551,0.0,0.0
2025-03-26T12:19:37.088422,1125191828,465406196,749.0,645.0
2025-03-26T12:19:38.089621,1125193704,465408112,1876.0,1916.0
2025-03-26T12:19:39.091439,1125193704,465408112,0.0,0.0
2025-03-26T12:19:40.092435,1125193746,465408174,42.0,62.0
2025-03-26T12:19:41.093407,1125195622,465410090,1876.0,1916.0
2025-03-26T12:19:42.094410,1125195622,465410090,0.0,0.0
2025-03-26T12:19:43.095390,1125195622,465410090,0.0,0.0
2025-03-26T12:19:44.096402,1125197498,465412006,1876.0,1916.0
2025-03-26T12:19:45.097442,1125197498,465412006,0.0,0.0
2025-03-26T12:19:46.098556,1125197498,465412006,0.0,0.0
2025-03-26T12:19:47.099429,1125199374,465413922,1876.0,1916.0
2025-03-26T12:19:48.100382,1125199374,465413922,0.0,0.0
2025-03-26T12:19:49.101620,1125199374,465413922,0.0,0.0
2025-03-26T12:19:50.103410,1125201250,465415838,1876.0,1916.0
2025-03-26T12:19:51.104581,1125201312,465415920,62.0,82.0
2025-03-26T12:19:52.106430,1125201366,465415920,54.0,0.0
2025-03-26T12:19:53.107435,1125203242,465417836,1876.0,1916.0
2025-03-26T12:19:54.108446,1125203242,465417836,0.0,0.0
2025-03-26T12:19:55.109474,1125203242,465417836,0.0,0.0
2025-03-26T12:19:56.111443,1125205184,465419838,1942.0,2002.0
2025-03-26T12:19:57.112424,1125205184,465419838,0.0,0.0
2025-03-26T12:19:58.113433,1125205184,465419838,0.0,0.0
2025-03-26T12:19:59.114582,1125207060,465421754,1876.0,1916.0
2025-03-26T12:20:00.116378,1125215038,465424593,7978.0,2839.0
2025-03-26T12:20:01.117578,1125217282,465426837,2244.0,2244.0
2025-03-26T12:20:02.119595,1125218358,465427953,1076.0,1116.0
2025-03-26T12:20:03.121428,1125218358,465427953,0.0,0.0
2025-03-26T12:20:04.122436,1125218358,465427953,0.0,0.0
