timestamp,rx_bytes,tx_bytes,rx_rate_bps,tx_rate_bps
2025-03-20T22:51:52.611835,1455067252,413657207,1232.0,1232.0
2025-03-20T22:51:53.612779,1455067252,413657207,0.0,0.0
2025-03-20T22:51:54.613796,1455067252,413657207,0.0,0.0
2025-03-20T22:51:55.614974,1455068484,413658439,1232.0,1232.0
2025-03-20T22:51:56.615990,1455068484,413658439,0.0,0.0
2025-03-20T22:51:57.617822,1455068484,413658439,0.0,0.0
2025-03-20T22:51:58.619579,1455069716,413659671,1232.0,1232.0
2025-03-20T22:51:59.621308,1455069716,413659671,0.0,0.0
2025-03-20T22:52:00.623300,1455069716,413659671,0.0,0.0
2025-03-20T22:52:01.625071,1455070948,413660903,1232.0,1232.0
2025-03-20T22:52:02.626892,1455070948,413660903,0.0,0.0
2025-03-20T22:52:03.627978,1455070948,413660903,0.0,0.0
2025-03-20T22:52:04.628876,1455072180,413662135,1232.0,1232.0
2025-03-20T22:52:05.629833,1455072180,413662135,0.0,0.0
2025-03-20T22:52:06.630979,1455072180,413662135,0.0,0.0
2025-03-20T22:52:07.633160,1455073412,413663367,1232.0,1232.0
2025-03-20T22:52:08.634822,1455073412,413663367,0.0,0.0
2025-03-20T22:52:09.636910,1455073412,413663367,0.0,0.0
2025-03-20T22:52:10.638892,1455074644,413664599,1232.0,1232.0
2025-03-20T22:52:11.641036,1455074644,413664599,0.0,0.0
2025-03-20T22:52:12.642829,1455074644,413664599,0.0,0.0
2025-03-20T22:52:13.644618,1455075876,413665831,1232.0,1232.0
2025-03-20T22:52:14.646352,1455075876,413665831,0.0,0.0
2025-03-20T22:52:15.648041,1455075876,413665831,0.0,0.0
2025-03-20T22:52:16.649731,1455077108,413667063,1232.0,1232.0
2025-03-20T22:52:17.651540,1455077108,413667063,0.0,0.0
2025-03-20T22:52:18.653739,1455077108,413667063,0.0,0.0
2025-03-20T22:52:19.655701,1455078340,413668295,1232.0,1232.0
2025-03-20T22:52:20.656805,1455081118,413671073,2778.0,2778.0
2025-03-20T22:52:21.658884,1455081118,413671073,0.0,0.0
2025-03-20T22:52:22.661209,1455082350,413672305,1232.0,1232.0
2025-03-20T22:52:23.663593,1455082350,413672305,0.0,0.0
2025-03-20T22:52:24.664983,1455085234,413675189,2884.0,2884.0
2025-03-20T22:52:25.666983,1455086466,413676421,1232.0,1232.0
2025-03-20T22:52:26.668845,1455086466,413676421,0.0,0.0
2025-03-20T22:52:27.670375,1455086466,413676421,0.0,0.0
2025-03-20T22:52:28.671832,1455087698,413677653,1232.0,1232.0
2025-03-20T22:52:29.672795,1455087698,413677653,0.0,0.0
2025-03-20T22:52:30.673814,1455087698,413677653,0.0,0.0
2025-03-20T22:52:31.674795,1455088930,413678885,1232.0,1232.0
2025-03-20T22:52:32.676038,1455088930,413678885,0.0,0.0
2025-03-20T22:52:33.677921,1455088930,413678885,0.0,0.0
2025-03-20T22:52:34.678987,1455090162,413680117,1232.0,1232.0
2025-03-20T22:52:35.681047,1455090162,413680117,0.0,0.0
2025-03-20T22:52:36.682873,1455090162,413680117,0.0,0.0
2025-03-20T22:52:37.683819,1455091394,413681349,1232.0,1232.0
2025-03-20T22:52:38.685761,1455091394,413681349,0.0,0.0
2025-03-20T22:52:39.687665,1455091394,413681349,0.0,0.0
2025-03-20T22:52:40.689601,1455092626,413682581,1232.0,1232.0
2025-03-20T22:52:41.691447,1455092626,413682581,0.0,0.0
2025-03-20T22:52:42.693684,1455092626,413682581,0.0,0.0
2025-03-20T22:52:43.695142,1455093858,413683813,1232.0,1232.0
2025-03-20T22:52:44.696825,1455093858,413683813,0.0,0.0
2025-03-20T22:52:45.697780,1455093858,413683813,0.0,0.0
2025-03-20T22:52:46.698798,1455095090,413685045,1232.0,1232.0
2025-03-20T22:52:47.699835,1455095090,413685045,0.0,0.0
2025-03-20T22:52:48.700819,1455095090,413685045,0.0,0.0
2025-03-20T22:52:49.702646,1455096322,413686277,1232.0,1232.0
2025-03-20T22:52:50.704792,1455096322,413686277,0.0,0.0
2025-03-20T22:52:51.707134,1455096322,413686277,0.0,0.0
2025-03-20T22:52:52.708823,1455097554,413687509,1232.0,1232.0
2025-03-20T22:52:53.709995,1455097554,413687509,0.0,0.0
2025-03-20T22:52:54.711911,1455097554,413687509,0.0,0.0
2025-03-20T22:52:55.714325,1455098786,413688741,1232.0,1232.0
2025-03-20T22:52:56.715793,1455098786,413688741,0.0,0.0
2025-03-20T22:52:57.717673,1455098786,413688741,0.0,0.0
2025-03-20T22:52:58.718963,1455100018,413689973,1232.0,1232.0
2025-03-20T22:52:59.721287,1455100018,413689973,0.0,0.0
2025-03-20T22:53:00.722760,1455100018,413689973,0.0,0.0
2025-03-20T22:53:01.723787,1455101250,413691205,1232.0,1232.0
2025-03-20T22:53:02.724772,1455101250,413691205,0.0,0.0
2025-03-20T22:53:03.725811,1455101250,413691205,0.0,0.0
2025-03-20T22:53:04.727627,1455102482,413692437,1232.0,1232.0
2025-03-20T22:53:05.728710,1455102482,413692437,0.0,0.0
2025-03-20T22:53:06.730860,1455102482,413692437,0.0,0.0
2025-03-20T22:53:07.732148,1455103714,413693669,1232.0,1232.0
2025-03-20T22:53:08.733820,1455103714,413693669,0.0,0.0
2025-03-20T22:53:09.735982,1455103714,413693669,0.0,0.0
2025-03-20T22:53:10.738333,1455104946,413694901,1232.0,1232.0
2025-03-20T22:53:11.740571,1455104946,413694901,0.0,0.0
2025-03-20T22:53:12.741753,1455104946,413694901,0.0,0.0
2025-03-20T22:53:13.743005,1455106178,413696133,1232.0,1232.0
2025-03-20T22:53:14.745282,1455106178,413696133,0.0,0.0
2025-03-20T22:53:15.747301,1455106178,413696133,0.0,0.0
2025-03-20T22:53:16.748925,1455107410,413697365,1232.0,1232.0
2025-03-20T22:53:17.750977,1455107410,413697365,0.0,0.0
2025-03-20T22:53:18.752848,1455107410,413697365,0.0,0.0
2025-03-20T22:53:19.753776,1455108642,413698597,1232.0,1232.0
2025-03-20T22:53:20.754776,1455108642,413698597,0.0,0.0
2025-03-20T22:53:21.756597,1455108642,413698597,0.0,0.0
2025-03-20T22:53:22.758335,1455109874,413699829,1232.0,1232.0
2025-03-20T22:53:23.760527,1455109874,413699829,0.0,0.0
2025-03-20T22:53:24.762418,1455109874,413699829,0.0,0.0
2025-03-20T22:53:25.764263,1455111106,413701061,1232.0,1232.0
2025-03-20T22:53:26.766408,1455111106,413701061,0.0,0.0
2025-03-20T22:53:27.768586,1455111106,413701061,0.0,0.0
2025-03-20T22:53:28.769756,1455112338,413702293,1232.0,1232.0
2025-03-20T22:53:29.770828,1455112338,413702293,0.0,0.0
2025-03-20T22:53:30.773006,1455112338,413702293,0.0,0.0
2025-03-20T22:53:31.775220,1455113570,413703525,1232.0,1232.0
2025-03-20T22:53:32.776799,1455113570,413703525,0.0,0.0
2025-03-20T22:53:33.777841,1455113570,413703525,0.0,0.0
2025-03-20T22:53:34.779633,1455114802,413704757,1232.0,1232.0
2025-03-20T22:53:35.781435,1455114802,413704757,0.0,0.0
2025-03-20T22:53:36.782787,1455114802,413704757,0.0,0.0
2025-03-20T22:53:37.784795,1455116034,413705989,1232.0,1232.0
2025-03-20T22:53:38.786634,1455116034,413705989,0.0,0.0
2025-03-20T22:53:39.788809,1455116034,413705989,0.0,0.0
2025-03-20T22:53:40.790729,1455117266,413707221,1232.0,1232.0
2025-03-20T22:53:41.791817,1455117266,413707221,0.0,0.0
2025-03-20T22:53:42.793789,1455117882,413707837,616.0,616.0
2025-03-20T22:53:43.795791,1455118498,413708453,616.0,616.0
2025-03-20T22:53:44.797817,1455118498,413708453,0.0,0.0
2025-03-20T22:53:45.798821,1455119114,413709069,616.0,616.0
2025-03-20T22:53:46.800963,1455119730,413709685,616.0,616.0
2025-03-20T22:53:47.802835,1455119730,413709685,0.0,0.0
2025-03-20T22:53:48.804672,1455120346,413710301,616.0,616.0
2025-03-20T22:53:49.805792,1455122878,413712833,2532.0,2532.0
2025-03-20T22:53:50.806814,1455122878,413712833,0.0,0.0
2025-03-20T22:53:51.807730,1455123186,413713141,308.0,308.0
