timestamp,rx_bytes,tx_bytes,rx_rate_bps,tx_rate_bps
2025-04-08T15:30:29.856683,319011345,171241238,3738.0,3798.0
2025-04-08T15:30:30.858682,319011345,171241238,0.0,0.0
2025-04-08T15:30:31.860485,319011411,171241324,66.0,86.0
2025-04-08T15:30:32.862320,319015149,171245122,3738.0,3798.0
2025-04-08T15:30:33.864530,319015149,171245122,0.0,0.0
2025-04-08T15:30:34.866543,319015258,171245275,109.0,153.0
2025-04-08T15:30:35.868676,319019062,171249159,3804.0,3884.0
2025-04-08T15:30:36.870654,319019062,171249159,0.0,0.0
2025-04-08T15:30:37.872376,319019062,171249159,0.0,0.0
2025-04-08T15:30:38.873512,319022800,171252957,3738.0,3798.0
2025-04-08T15:30:39.875155,319022800,171252957,0.0,0.0
2025-04-08T15:30:40.876468,319023138,171253450,338.0,493.0
2025-04-08T15:30:41.877660,319035771,171268007,12633.0,14557.0
2025-04-08T15:30:42.879621,319036226,171268462,455.0,455.0
2025-04-08T15:30:43.880473,319036805,171268644,579.0,182.0
2025-04-08T15:30:44.881468,319049969,171281669,13164.0,13025.0
2025-04-08T15:30:45.883290,319049969,171281669,0.0,0.0
2025-04-08T15:30:46.884793,319050038,171281760,69.0,91.0
2025-04-08T15:30:47.886474,319053818,171285558,3780.0,3798.0
2025-04-08T15:30:48.888414,319053860,171285558,42.0,0.0
2025-04-08T15:30:49.889790,319054093,171288747,233.0,3189.0
2025-04-08T15:30:50.891533,319082200,171321709,28107.0,32962.0
2025-04-08T15:30:51.892555,319082593,171321893,393.0,184.0
2025-04-08T15:30:52.894451,319082794,171322010,201.0,117.0
2025-04-08T15:30:53.896270,319086660,171325808,3866.0,3798.0
2025-04-08T15:30:54.897434,319086702,171325808,42.0,0.0
2025-04-08T15:30:55.899198,319086945,171326071,243.0,263.0
2025-04-08T15:30:56.901306,319090683,171329869,3738.0,3798.0
2025-04-08T15:30:57.902487,319090683,171329869,0.0,0.0
2025-04-08T15:30:58.903606,319090683,171329869,0.0,0.0
2025-04-08T15:30:59.905447,319094713,171333881,4030.0,4012.0
2025-04-08T15:31:00.907578,319095170,171334312,457.0,431.0
2025-04-08T15:31:01.909409,319095356,171334680,186.0,368.0
2025-04-08T15:31:02.911239,319099706,171338933,4350.0,4253.0
2025-04-08T15:31:03.913432,319099918,171339201,212.0,268.0
2025-04-08T15:31:04.915885,319099991,171339292,73.0,91.0
2025-04-08T15:31:05.917693,319103771,171343090,3780.0,3798.0
2025-04-08T15:31:06.919478,319104245,171345987,474.0,2897.0
2025-04-08T15:31:07.920511,319107075,171346364,2830.0,377.0
2025-04-08T15:31:08.922257,319110813,171350162,3738.0,3798.0
2025-04-08T15:31:09.923998,319110813,171350162,0.0,0.0
2025-04-08T15:31:10.925701,319110880,171350253,67.0,91.0
2025-04-08T15:31:11.927846,319115080,171357044,4200.0,6791.0
2025-04-08T15:31:12.929618,319119538,171357621,4458.0,577.0
2025-04-08T15:31:13.931597,319119580,171357683,42.0,62.0
2025-04-08T15:31:14.933949,319123555,171361653,3975.0,3970.0
2025-04-08T15:31:15.935521,319123998,171361653,443.0,0.0
2025-04-08T15:31:16.937359,319124376,171362164,378.0,511.0
2025-04-08T15:31:17.939322,319144786,171371921,20410.0,9757.0
2025-04-08T15:31:18.941410,319144828,171371921,42.0,0.0
2025-04-08T15:31:19.942669,319145552,171371921,724.0,0.0
2025-04-08T15:31:20.944514,319149010,171375719,3458.0,3798.0
2025-04-08T15:31:21.945432,319149374,171375719,364.0,0.0
2025-04-08T15:31:22.946394,319150421,171376249,1047.0,530.0
2025-04-08T15:31:23.948126,319154676,171380320,4255.0,4071.0
2025-04-08T15:31:24.949858,319155134,171380593,458.0,273.0
2025-04-08T15:31:25.951706,319155354,171380684,220.0,91.0
2025-04-08T15:31:26.954050,319159203,171384573,3849.0,3889.0
2025-04-08T15:31:27.955592,319159245,171384573,42.0,0.0
2025-04-08T15:31:28.956672,319159314,171384664,69.0,91.0
2025-04-08T15:31:29.958522,319163136,171388462,3822.0,3798.0
2025-04-08T15:31:30.959606,319163136,171388462,0.0,0.0
2025-04-08T15:31:31.960838,319163205,171388553,69.0,91.0
2025-04-08T15:31:32.963490,319166943,171392351,3738.0,3798.0
2025-04-08T15:31:33.964570,319166943,171392351,0.0,0.0
2025-04-08T15:31:34.965581,319169473,171394321,2530.0,1970.0
2025-04-08T15:31:35.966528,319173211,171398119,3738.0,3798.0
2025-04-08T15:31:36.968446,319173211,171398119,0.0,0.0
2025-04-08T15:31:37.970195,319173280,171398210,69.0,91.0
2025-04-08T15:31:38.972393,319177018,171402008,3738.0,3798.0
2025-04-08T15:31:39.974388,319177018,171402008,0.0,0.0
2025-04-08T15:31:40.975621,319177018,171402094,0.0,86.0
2025-04-08T15:31:41.976459,319180822,171405892,3804.0,3798.0
2025-04-08T15:31:42.977709,319181298,171406221,476.0,329.0
2025-04-08T15:31:43.979704,319181566,171406820,268.0,599.0
2025-04-08T15:31:44.981551,319185571,171411212,4005.0,4392.0
2025-04-08T15:31:45.982482,319185638,171411538,67.0,326.0
2025-04-08T15:31:46.983484,319185638,171411773,0.0,235.0
2025-04-08T15:31:47.984475,319189443,171415662,3805.0,3889.0
2025-04-08T15:31:48.985510,319189517,171416445,74.0,783.0
2025-04-08T15:31:49.987662,319216034,171433836,26517.0,17391.0
2025-04-08T15:31:50.993469,319274897,171450719,58863.0,16883.0
2025-04-08T15:31:51.994393,319274897,171450719,0.0,0.0
2025-04-08T15:31:52.996219,319274989,171450719,92.0,0.0
2025-04-08T15:31:53.997411,319278943,171454579,3954.0,3860.0
2025-04-08T15:31:54.998433,319279401,171454935,458.0,356.0
2025-04-08T15:31:55.999461,319280375,171455479,974.0,544.0
2025-04-08T15:31:57.001249,319284276,171459368,3901.0,3889.0
2025-04-08T15:31:58.003463,319284611,171459368,335.0,0.0
2025-04-08T15:31:59.005323,319284611,171459450,0.0,82.0
2025-04-08T15:32:00.006547,319288349,171463248,3738.0,3798.0
2025-04-08T15:32:01.008712,319288459,171463248,110.0,0.0
2025-04-08T15:32:02.010612,319288559,171463248,100.0,0.0
2025-04-08T15:32:03.011500,319292478,171467046,3919.0,3798.0
2025-04-08T15:32:04.013681,319292853,171467324,375.0,278.0
2025-04-08T15:32:05.016120,319292921,171467597,68.0,273.0
2025-04-08T15:32:06.017516,319297796,171471486,4875.0,3889.0
2025-04-08T15:32:07.018513,319306891,171471577,9095.0,91.0
2025-04-08T15:32:08.019405,319307130,171471785,239.0,208.0
2025-04-08T15:32:09.021135,319310120,171475882,2990.0,4097.0
2025-04-08T15:32:10.022946,319311234,171475973,1114.0,91.0
2025-04-08T15:32:11.024654,319311234,171476064,0.0,91.0
2025-04-08T15:32:12.026850,319314081,171479862,2847.0,3798.0
2025-04-08T15:32:13.028720,319315122,171479953,1041.0,91.0
2025-04-08T15:32:14.030519,319315122,171479953,0.0,0.0
2025-04-08T15:32:15.032374,319318860,171483751,3738.0,3798.0
2025-04-08T15:32:16.033695,319319297,171483751,437.0,0.0
2025-04-08T15:32:17.035606,319325247,171485873,5950.0,2122.0
2025-04-08T15:32:18.036720,319334148,171495884,8901.0,10011.0
2025-04-08T15:32:19.038548,319334369,171495884,221.0,0.0
2025-04-08T15:32:20.039676,319334812,171495970,443.0,86.0
2025-04-08T15:32:21.041704,319338616,171499768,3804.0,3798.0
2025-04-08T15:32:22.043514,319339550,171500393,934.0,625.0
2025-04-08T15:32:23.044496,319339891,171500565,341.0,172.0
2025-04-08T15:32:24.046431,319343824,171504640,3933.0,4075.0
2025-04-08T15:32:25.047444,319343824,171504731,0.0,91.0
2025-04-08T15:32:26.048517,319344027,171504913,203.0,182.0
2025-04-08T15:32:27.050270,319350505,171511474,6478.0,6561.0
2025-04-08T15:32:28.052061,319350505,171511565,0.0,91.0
2025-04-08T15:32:29.053500,319350505,171511565,0.0,0.0
