timestamp,rx_bytes,tx_bytes,rx_rate_bps,tx_rate_bps
2025-03-22T03:39:58.670433,152349366,63454119,1918.0,1916.0
2025-03-22T03:39:59.671381,152357386,63456958,8020.0,2839.0
2025-03-22T03:40:00.673244,152357428,63456958,42.0,0.0
2025-03-22T03:40:01.674388,152359304,63458874,1876.0,1916.0
2025-03-22T03:40:02.676506,152359304,63458874,0.0,0.0
2025-03-22T03:40:03.678802,152359346,63458874,42.0,0.0
2025-03-22T03:40:04.680429,152361444,63460962,2098.0,2088.0
2025-03-22T03:40:05.681394,152361444,63460962,0.0,0.0
2025-03-22T03:40:06.682378,152371466,63460962,10022.0,0.0
2025-03-22T03:40:07.683369,152373342,63462878,1876.0,1916.0
2025-03-22T03:40:08.684361,152373342,63462878,0.0,0.0
2025-03-22T03:40:09.685358,152373342,63462878,0.0,0.0
2025-03-22T03:40:10.686351,152375218,63464794,1876.0,1916.0
2025-03-22T03:40:11.687298,152375218,63464794,0.0,0.0
2025-03-22T03:40:12.688367,152375218,63464794,0.0,0.0
2025-03-22T03:40:13.689400,152377094,63466710,1876.0,1916.0
2025-03-22T03:40:14.691563,152377094,63466710,0.0,0.0
2025-03-22T03:40:15.693744,152377094,63466710,0.0,0.0
2025-03-22T03:40:16.695425,152378970,63468626,1876.0,1916.0
2025-03-22T03:40:17.696426,152378970,63468626,0.0,0.0
2025-03-22T03:40:18.697420,152378970,63468626,0.0,0.0
2025-03-22T03:40:19.699485,152380846,63470542,1876.0,1916.0
2025-03-22T03:40:20.701808,152380846,63470542,0.0,0.0
2025-03-22T03:40:21.703425,152380846,63470542,0.0,0.0
2025-03-22T03:40:22.704516,152382722,63472458,1876.0,1916.0
2025-03-22T03:40:23.706482,152382722,63472458,0.0,0.0
2025-03-22T03:40:24.707400,152382722,63472458,0.0,0.0
2025-03-22T03:40:25.709550,152384598,63474374,1876.0,1916.0
2025-03-22T03:40:26.711780,152384598,63474374,0.0,0.0
2025-03-22T03:40:27.713886,152384598,63474374,0.0,0.0
2025-03-22T03:40:28.715856,152386474,63476290,1876.0,1916.0
2025-03-22T03:40:29.717441,152386474,63476290,0.0,0.0
2025-03-22T03:40:30.718361,152386474,63476290,0.0,0.0
2025-03-22T03:40:31.719380,152388350,63478206,1876.0,1916.0
2025-03-22T03:40:32.720296,152388350,63478206,0.0,0.0
2025-03-22T03:40:33.721544,152388350,63478206,0.0,0.0
2025-03-22T03:40:34.722416,152390226,63480122,1876.0,1916.0
2025-03-22T03:40:35.724237,152390226,63480122,0.0,0.0
2025-03-22T03:40:36.726098,152390226,63480122,0.0,0.0
2025-03-22T03:40:37.727914,152392102,63482038,1876.0,1916.0
2025-03-22T03:40:38.729418,152392102,63482038,0.0,0.0
2025-03-22T03:40:39.731588,152392102,63482038,0.0,0.0
2025-03-22T03:40:40.733872,152393978,63483954,1876.0,1916.0
2025-03-22T03:40:41.735432,152393978,63483954,0.0,0.0
2025-03-22T03:40:42.737275,152393978,63483954,0.0,0.0
2025-03-22T03:40:43.739426,152395854,63485870,1876.0,1916.0
2025-03-22T03:40:44.741599,152395854,63485870,0.0,0.0
2025-03-22T03:40:45.743758,152413792,63492568,17938.0,6698.0
2025-03-22T03:40:46.746014,152466824,63503241,53032.0,10673.0
2025-03-22T03:40:47.748245,152466824,63503241,0.0,0.0
2025-03-22T03:40:48.749432,152466824,63503241,0.0,0.0
2025-03-22T03:40:49.750553,152468700,63505157,1876.0,1916.0
2025-03-22T03:40:50.751553,152468742,63505219,42.0,62.0
2025-03-22T03:40:51.753757,152469186,63505477,444.0,258.0
2025-03-22T03:40:52.756076,152471062,63507393,1876.0,1916.0
2025-03-22T03:40:53.757639,152471062,63507393,0.0,0.0
2025-03-22T03:40:54.760040,152471062,63507393,0.0,0.0
2025-03-22T03:40:55.761448,152472938,63509309,1876.0,1916.0
2025-03-22T03:40:56.762505,152472938,63509309,0.0,0.0
2025-03-22T03:40:57.763345,152472938,63509309,0.0,0.0
2025-03-22T03:40:58.764391,152474814,63511225,1876.0,1916.0
2025-03-22T03:40:59.765357,152482792,63514064,7978.0,2839.0
2025-03-22T03:41:00.766428,152482792,63514064,0.0,0.0
2025-03-22T03:41:01.767369,152484668,63515980,1876.0,1916.0
2025-03-22T03:41:02.768391,152484668,63515980,0.0,0.0
2025-03-22T03:41:03.770202,152484668,63515980,0.0,0.0
2025-03-22T03:41:04.771926,152486766,63518068,2098.0,2088.0
2025-03-22T03:41:05.774106,152486766,63518068,0.0,0.0
2025-03-22T03:41:06.776325,152486766,63518068,0.0,0.0
2025-03-22T03:41:07.777424,152488642,63519984,1876.0,1916.0
2025-03-22T03:41:08.779251,152488642,63519984,0.0,0.0
2025-03-22T03:41:09.780401,152488642,63519984,0.0,0.0
2025-03-22T03:41:10.782573,152490518,63521900,1876.0,1916.0
2025-03-22T03:41:11.784882,152490518,63521900,0.0,0.0
2025-03-22T03:41:12.786759,152490518,63521900,0.0,0.0
2025-03-22T03:41:13.788533,152492394,63523816,1876.0,1916.0
2025-03-22T03:41:14.789450,152492394,63523816,0.0,0.0
2025-03-22T03:41:15.791606,152492394,63523816,0.0,0.0
2025-03-22T03:41:16.793488,152494270,63525732,1876.0,1916.0
2025-03-22T03:41:17.795339,152494270,63525732,0.0,0.0
2025-03-22T03:41:18.797221,152494270,63525732,0.0,0.0
2025-03-22T03:41:19.798528,152496146,63527648,1876.0,1916.0
2025-03-22T03:41:20.800386,152496146,63527648,0.0,0.0
2025-03-22T03:41:21.801406,152496146,63527648,0.0,0.0
2025-03-22T03:41:22.802419,152498022,63529564,1876.0,1916.0
2025-03-22T03:41:23.803909,152498022,63529564,0.0,0.0
2025-03-22T03:41:24.805403,152498022,63529564,0.0,0.0
2025-03-22T03:41:25.806318,152499940,63531480,1918.0,1916.0
2025-03-22T03:41:26.807392,152499940,63531480,0.0,0.0
2025-03-22T03:41:27.808372,152499940,63531480,0.0,0.0
2025-03-22T03:41:28.810192,152501816,63533396,1876.0,1916.0
2025-03-22T03:41:29.811556,152501816,63533396,0.0,0.0
2025-03-22T03:41:30.812599,152501816,63533396,0.0,0.0
2025-03-22T03:41:31.814397,152503692,63535312,1876.0,1916.0
2025-03-22T03:41:32.815373,152503692,63535312,0.0,0.0
2025-03-22T03:41:33.816562,152503692,63535312,0.0,0.0
2025-03-22T03:41:34.817620,152505568,63537228,1876.0,1916.0
2025-03-22T03:41:35.819451,152505568,63537228,0.0,0.0
2025-03-22T03:41:36.820421,152505568,63537228,0.0,0.0
2025-03-22T03:41:37.821395,152507444,63539144,1876.0,1916.0
2025-03-22T03:41:38.822447,152507444,63539144,0.0,0.0
2025-03-22T03:41:39.823556,152507444,63539144,0.0,0.0
2025-03-22T03:41:40.824600,152509320,63541060,1876.0,1916.0
2025-03-22T03:41:41.826572,152509320,63541060,0.0,0.0
2025-03-22T03:41:42.827576,152509320,63541060,0.0,0.0
2025-03-22T03:41:43.829423,152511196,63542976,1876.0,1916.0
2025-03-22T03:41:44.830587,152575754,63548989,64558.0,6013.0
2025-03-22T03:41:45.832607,152575754,63548989,0.0,0.0
2025-03-22T03:41:46.834874,152577630,63550905,1876.0,1916.0
2025-03-22T03:41:47.836999,152598964,63559341,21334.0,8436.0
2025-03-22T03:41:48.838444,152646766,63566446,47802.0,7105.0
2025-03-22T03:41:49.839554,152648684,63568424,1918.0,1978.0
2025-03-22T03:41:50.840548,152648734,63568424,50.0,0.0
2025-03-22T03:41:51.841506,152648734,63568424,0.0,0.0
2025-03-22T03:41:52.842395,152650610,63570340,1876.0,1916.0
2025-03-22T03:41:53.843361,152651054,63570512,444.0,172.0
2025-03-22T03:41:54.844394,152651108,63570512,54.0,0.0
2025-03-22T03:41:55.845378,152654736,63574180,3628.0,3668.0
2025-03-22T03:41:56.846516,152654736,63574180,0.0,0.0
2025-03-22T03:41:57.847339,152654790,63574180,54.0,0.0
