timestamp,rx_bytes,tx_bytes,rx_rate_bps,tx_rate_bps
2025-03-23T12:32:19.861746,404997302,181208366,1876.0,1916.0
2025-03-23T12:32:20.863379,404997362,181208366,60.0,0.0
2025-03-23T12:32:21.864400,404997439,181208366,77.0,0.0
2025-03-23T12:32:22.865355,404999434,181210282,1995.0,1916.0
2025-03-23T12:32:23.867123,404999494,181210282,60.0,0.0
2025-03-23T12:32:24.868606,404999655,181210282,161.0,0.0
2025-03-23T12:32:25.870424,405001591,181212198,1936.0,1916.0
2025-03-23T12:32:26.871639,405001591,181212198,0.0,0.0
2025-03-23T12:32:27.873472,405001728,181212198,137.0,0.0
2025-03-23T12:32:28.874412,405003604,181214114,1876.0,1916.0
2025-03-23T12:32:29.875395,405005010,181214114,1406.0,0.0
2025-03-23T12:32:30.876624,405006499,181214200,1489.0,86.0
2025-03-23T12:32:31.878430,405009781,181216116,3282.0,1916.0
2025-03-23T12:32:32.879600,405011127,181216116,1346.0,0.0
2025-03-23T12:32:33.881596,405012610,181216116,1483.0,0.0
2025-03-23T12:32:34.883584,405014486,181218032,1876.0,1916.0
2025-03-23T12:32:35.885388,405014588,181218094,102.0,62.0
2025-03-23T12:32:36.886480,405014665,181218094,77.0,0.0
2025-03-23T12:32:37.887425,405016601,181220010,1936.0,1916.0
2025-03-23T12:32:38.888474,405016601,181220010,0.0,0.0
2025-03-23T12:32:39.889458,405016738,181220010,137.0,0.0
2025-03-23T12:32:40.890457,405018614,181221926,1876.0,1916.0
2025-03-23T12:32:41.891441,405018674,181221926,60.0,0.0
2025-03-23T12:32:42.892317,405018974,181221926,300.0,0.0
2025-03-23T12:32:43.893476,405021346,181223962,2372.0,2036.0
2025-03-23T12:32:44.894400,405021454,181223962,108.0,0.0
2025-03-23T12:32:45.896658,405021591,181223962,137.0,0.0
2025-03-23T12:32:46.898347,405023513,181225960,1922.0,1998.0
2025-03-23T12:32:47.899651,405024275,181225960,762.0,0.0
2025-03-23T12:32:48.901383,405025020,181225960,745.0,0.0
2025-03-23T12:32:49.902367,405030258,181227876,5238.0,1916.0
2025-03-23T12:32:50.903394,405033205,181227938,2947.0,62.0
2025-03-23T12:32:51.904578,405036609,181227938,3404.0,0.0
2025-03-23T12:32:52.906399,405041177,181229854,4568.0,1916.0
2025-03-23T12:32:53.907374,405043929,181229854,2752.0,0.0
2025-03-23T12:32:54.908415,405044006,181229854,77.0,0.0
2025-03-23T12:32:55.909328,405045942,181231770,1936.0,1916.0
2025-03-23T12:32:56.910436,405045942,181231770,0.0,0.0
2025-03-23T12:32:57.912021,405046079,181231770,137.0,0.0
2025-03-23T12:32:58.913373,405047955,181233686,1876.0,1916.0
2025-03-23T12:32:59.914440,405056554,181237056,8599.0,3370.0
2025-03-23T12:33:00.915483,405056939,181237056,385.0,0.0
2025-03-23T12:33:01.916282,405058875,181238972,1936.0,1916.0
2025-03-23T12:33:02.917574,405058994,181238972,119.0,0.0
2025-03-23T12:33:03.919444,405059131,181238972,137.0,0.0
2025-03-23T12:33:04.920417,405061229,181241060,2098.0,2088.0
2025-03-23T12:33:05.921408,405061289,181241060,60.0,0.0
2025-03-23T12:33:06.922443,405061366,181241060,77.0,0.0
2025-03-23T12:33:07.923386,405063302,181242976,1936.0,1916.0
2025-03-23T12:33:08.924430,405063302,181242976,0.0,0.0
2025-03-23T12:33:09.925428,405066131,181242976,2829.0,0.0
2025-03-23T12:33:10.926397,405070699,181244892,4568.0,1916.0
2025-03-23T12:33:11.928505,405073778,181245150,3079.0,258.0
2025-03-23T12:33:12.929492,405076547,181245150,2769.0,0.0
2025-03-23T12:33:13.930467,405081175,181247066,4628.0,1916.0
2025-03-23T12:33:14.931339,405081175,181247066,0.0,0.0
2025-03-23T12:33:15.932494,405081312,181247066,137.0,0.0
2025-03-23T12:33:16.933357,405083188,181248982,1876.0,1916.0
2025-03-23T12:33:17.934579,405083334,181248982,146.0,0.0
2025-03-23T12:33:18.936545,405083411,181248982,77.0,0.0
2025-03-23T12:33:19.937541,405085347,181250898,1936.0,1916.0
2025-03-23T12:33:20.938543,405085347,181250898,0.0,0.0
2025-03-23T12:33:21.939379,405085484,181250898,137.0,0.0
2025-03-23T12:33:22.940589,405087479,181252814,1995.0,1916.0
2025-03-23T12:33:23.942371,405087539,181252814,60.0,0.0
2025-03-23T12:33:24.943400,405087616,181252814,77.0,0.0
2025-03-23T12:33:25.944400,405089552,181254730,1936.0,1916.0
2025-03-23T12:33:26.945566,405089552,181254730,0.0,0.0
2025-03-23T12:33:27.947432,405089997,181254730,445.0,0.0
2025-03-23T12:33:28.948366,405091873,181256646,1876.0,1916.0
2025-03-23T12:33:29.949439,405094565,181256646,2692.0,0.0
2025-03-23T12:33:30.950369,405097394,181256646,2829.0,0.0
2025-03-23T12:33:31.951451,405102022,181258562,4628.0,1916.0
2025-03-23T12:33:32.953329,405104714,181258562,2692.0,0.0
2025-03-23T12:33:33.954389,405107483,181258562,2769.0,0.0
2025-03-23T12:33:34.955419,405109419,181260478,1936.0,1916.0
2025-03-23T12:33:35.956567,405109419,181260478,0.0,0.0
2025-03-23T12:33:36.958409,405109556,181260478,137.0,0.0
2025-03-23T12:33:37.959426,405111432,181262394,1876.0,1916.0
2025-03-23T12:33:38.960448,405111492,181262394,60.0,0.0
2025-03-23T12:33:39.961825,405111569,181262394,77.0,0.0
2025-03-23T12:33:40.963429,405113505,181264310,1936.0,1916.0
2025-03-23T12:33:41.964446,405113505,181264310,0.0,0.0
2025-03-23T12:33:42.965794,405113761,181264310,256.0,0.0
2025-03-23T12:33:43.967316,405115637,181266226,1876.0,1916.0
2025-03-23T12:33:44.968713,405115697,181266226,60.0,0.0
2025-03-23T12:33:45.970523,405115774,181266226,77.0,0.0
2025-03-23T12:33:46.971641,405117710,181268142,1936.0,1916.0
2025-03-23T12:33:47.973485,405117796,181268142,86.0,0.0
2025-03-23T12:33:48.974465,405117933,181268142,137.0,0.0
2025-03-23T12:33:49.975598,405122501,181270058,4568.0,1916.0
2025-03-23T12:33:50.977637,405125253,181270058,2752.0,0.0
2025-03-23T12:33:51.979533,405128022,181270058,2769.0,0.0
2025-03-23T12:33:52.980409,405132650,181271974,4628.0,1916.0
2025-03-23T12:33:53.981355,405135342,181271974,2692.0,0.0
2025-03-23T12:33:54.982630,405135479,181271974,137.0,0.0
2025-03-23T12:33:55.984451,405137355,181273890,1876.0,1916.0
2025-03-23T12:33:56.985526,405137415,181273890,60.0,0.0
2025-03-23T12:33:57.986420,405137492,181273890,77.0,0.0
2025-03-23T12:33:58.987449,405139428,181275806,1936.0,1916.0
2025-03-23T12:33:59.989495,405147406,181278645,7978.0,2839.0
2025-03-23T12:34:00.990417,405147543,181278645,137.0,0.0
2025-03-23T12:34:01.991362,405149419,181280561,1876.0,1916.0
2025-03-23T12:34:02.992586,405149598,181280561,179.0,0.0
2025-03-23T12:34:03.994517,405149675,181280561,77.0,0.0
2025-03-23T12:34:04.995466,405151917,181282773,2242.0,2212.0
2025-03-23T12:34:05.996403,405151917,181282773,0.0,0.0
2025-03-23T12:34:06.997444,405161555,181282773,9638.0,0.0
2025-03-23T12:34:07.998627,405163431,181284689,1876.0,1916.0
2025-03-23T12:34:09.000431,405163491,181284689,60.0,0.0
2025-03-23T12:34:10.001553,405165618,181284689,2127.0,0.0
2025-03-23T12:34:11.003539,405169604,181286605,3986.0,1916.0
2025-03-23T12:34:12.004355,405170246,181286605,642.0,0.0
2025-03-23T12:34:13.005460,405170447,181286605,201.0,0.0
2025-03-23T12:34:14.006592,405172739,181288735,2292.0,2130.0
2025-03-23T12:34:15.008517,405173196,181289166,457.0,431.0
2025-03-23T12:34:16.009340,405173196,181289166,0.0,0.0
2025-03-23T12:34:17.010573,405176576,181292526,3380.0,3360.0
2025-03-23T12:34:18.012449,405176662,181292526,86.0,0.0
2025-03-23T12:34:19.014231,405176799,181292526,137.0,0.0
