timestamp,rx_bytes,tx_bytes,rx_rate_bps,tx_rate_bps
2025-03-25T02:21:44.662331,825945582,345093987,1876.0,1916.0
2025-03-25T02:21:45.663491,825945582,345093987,0.0,0.0
2025-03-25T02:21:46.664536,825945582,345093987,0.0,0.0
2025-03-25T02:21:47.666375,825947458,345095903,1876.0,1916.0
2025-03-25T02:21:48.668240,825947458,345095903,0.0,0.0
2025-03-25T02:21:49.669991,825947458,345095903,0.0,0.0
2025-03-25T02:21:50.671615,825949334,345097819,1876.0,1916.0
2025-03-25T02:21:51.673859,825949334,345097819,0.0,0.0
2025-03-25T02:21:52.675341,825949334,345097819,0.0,0.0
2025-03-25T02:21:53.676265,825951210,345099735,1876.0,1916.0
2025-03-25T02:21:54.678526,825951210,345099735,0.0,0.0
2025-03-25T02:21:55.680410,825951210,345099735,0.0,0.0
2025-03-25T02:21:56.682594,825953086,345101651,1876.0,1916.0
2025-03-25T02:21:57.685030,825953086,345101651,0.0,0.0
2025-03-25T02:21:58.686879,825953086,345101651,0.0,0.0
2025-03-25T02:21:59.688652,825962940,345106406,9854.0,4755.0
2025-03-25T02:22:00.690541,825962940,345106406,0.0,0.0
2025-03-25T02:22:01.692420,825962940,345106406,0.0,0.0
2025-03-25T02:22:02.693326,825964816,345108322,1876.0,1916.0
2025-03-25T02:22:03.694388,825964816,345108322,0.0,0.0
2025-03-25T02:22:04.696624,825965080,345108556,264.0,234.0
2025-03-25T02:22:05.698422,825974484,345110472,9404.0,1916.0
2025-03-25T02:22:06.699450,825974484,345110472,0.0,0.0
2025-03-25T02:22:07.701874,825974484,345110472,0.0,0.0
2025-03-25T02:22:08.704226,825976360,345112388,1876.0,1916.0
2025-03-25T02:22:09.705426,825976360,345112388,0.0,0.0
2025-03-25T02:22:10.707778,825976360,345112388,0.0,0.0
2025-03-25T02:22:11.709986,825978236,345114304,1876.0,1916.0
2025-03-25T02:22:12.711551,825978236,345114304,0.0,0.0
2025-03-25T02:22:13.713365,825978236,345114304,0.0,0.0
2025-03-25T02:22:14.714308,825980112,345116220,1876.0,1916.0
2025-03-25T02:22:15.715370,825980112,345116220,0.0,0.0
2025-03-25T02:22:16.716301,825980112,345116220,0.0,0.0
2025-03-25T02:22:17.717493,825981988,345118136,1876.0,1916.0
2025-03-25T02:22:18.718556,825981988,345118136,0.0,0.0
2025-03-25T02:22:19.719634,825981988,345118136,0.0,0.0
2025-03-25T02:22:20.721585,825983864,345120052,1876.0,1916.0
2025-03-25T02:22:21.724161,825983864,345120052,0.0,0.0
2025-03-25T02:22:22.725378,825983864,345120052,0.0,0.0
2025-03-25T02:22:23.727198,825985740,345121968,1876.0,1916.0
2025-03-25T02:22:24.728428,825985740,345121968,0.0,0.0
2025-03-25T02:22:25.730398,825985740,345121968,0.0,0.0
2025-03-25T02:22:26.731364,825987616,345123884,1876.0,1916.0
2025-03-25T02:22:27.732375,825987616,345123884,0.0,0.0
2025-03-25T02:22:28.733586,825987616,345123884,0.0,0.0
2025-03-25T02:22:29.735392,825989492,345125800,1876.0,1916.0
2025-03-25T02:22:30.736357,825989492,345125800,0.0,0.0
2025-03-25T02:22:31.737412,825989492,345125800,0.0,0.0
2025-03-25T02:22:32.739373,825991368,345127716,1876.0,1916.0
2025-03-25T02:22:33.740417,825991368,345127716,0.0,0.0
2025-03-25T02:22:34.741439,825991368,345127716,0.0,0.0
2025-03-25T02:22:35.742521,826013150,345137236,21782.0,9520.0
2025-03-25T02:22:36.743507,826062338,345145517,49188.0,8281.0
2025-03-25T02:22:37.744536,826062338,345145517,0.0,0.0
2025-03-25T02:22:38.745429,826064214,345147433,1876.0,1916.0
2025-03-25T02:22:39.746541,826064214,345147433,0.0,0.0
2025-03-25T02:22:40.747600,826064256,345147495,42.0,62.0
2025-03-25T02:22:41.749452,826066576,345149669,2320.0,2174.0
2025-03-25T02:22:42.750560,826066576,345149669,0.0,0.0
2025-03-25T02:22:43.751427,826067012,345149789,436.0,120.0
2025-03-25T02:22:44.752392,826068888,345151705,1876.0,1916.0
2025-03-25T02:22:45.753386,826068888,345151705,0.0,0.0
2025-03-25T02:22:46.754493,826068888,345151705,0.0,0.0
2025-03-25T02:22:47.755472,826070764,345153621,1876.0,1916.0
2025-03-25T02:22:48.757567,826070764,345153621,0.0,0.0
2025-03-25T02:22:49.758607,826070764,345153621,0.0,0.0
2025-03-25T02:22:50.760501,826072640,345155537,1876.0,1916.0
2025-03-25T02:22:51.761395,826072640,345155537,0.0,0.0
2025-03-25T02:22:52.762581,826072640,345155537,0.0,0.0
2025-03-25T02:22:53.764818,826074516,345157453,1876.0,1916.0
2025-03-25T02:22:54.766607,826074516,345157453,0.0,0.0
2025-03-25T02:22:55.768386,826074516,345157453,0.0,0.0
2025-03-25T02:22:56.769405,826076392,345159369,1876.0,1916.0
2025-03-25T02:22:57.770395,826076392,345159369,0.0,0.0
2025-03-25T02:22:58.771423,826076392,345159369,0.0,0.0
2025-03-25T02:22:59.772436,826086246,345164124,9854.0,4755.0
2025-03-25T02:23:00.773560,826086246,345164124,0.0,0.0
2025-03-25T02:23:01.774435,826086246,345164124,0.0,0.0
2025-03-25T02:23:02.776626,826088122,345166040,1876.0,1916.0
2025-03-25T02:23:03.778965,826088122,345166040,0.0,0.0
2025-03-25T02:23:04.781004,826088344,345166212,222.0,172.0
2025-03-25T02:23:05.782638,826090220,345168128,1876.0,1916.0
2025-03-25T02:23:06.784876,826090220,345168128,0.0,0.0
2025-03-25T02:23:07.786432,826090220,345168128,0.0,0.0
2025-03-25T02:23:08.787430,826092096,345170044,1876.0,1916.0
2025-03-25T02:23:09.789242,826092096,345170044,0.0,0.0
2025-03-25T02:23:10.790380,826092096,345170044,0.0,0.0
2025-03-25T02:23:11.791378,826093972,345171960,1876.0,1916.0
2025-03-25T02:23:12.793183,826093972,345171960,0.0,0.0
2025-03-25T02:23:13.795370,826093972,345171960,0.0,0.0
2025-03-25T02:23:14.797592,826095848,345173876,1876.0,1916.0
2025-03-25T02:23:15.799562,826095848,345173876,0.0,0.0
2025-03-25T02:23:16.801957,826095848,345173876,0.0,0.0
2025-03-25T02:23:17.804186,826097724,345175792,1876.0,1916.0
2025-03-25T02:23:18.806198,826097724,345175792,0.0,0.0
2025-03-25T02:23:19.808075,826097724,345175792,0.0,0.0
2025-03-25T02:23:20.810287,826099600,345177708,1876.0,1916.0
2025-03-25T02:23:21.812467,826099600,345177708,0.0,0.0
2025-03-25T02:23:22.813598,826099600,345177708,0.0,0.0
2025-03-25T02:23:23.815376,826101476,345179624,1876.0,1916.0
2025-03-25T02:23:24.816291,826101476,345179624,0.0,0.0
2025-03-25T02:23:25.817292,826101476,345179624,0.0,0.0
2025-03-25T02:23:26.818366,826103352,345181540,1876.0,1916.0
2025-03-25T02:23:27.820520,826103352,345181540,0.0,0.0
2025-03-25T02:23:28.821434,826103352,345181540,0.0,0.0
2025-03-25T02:23:29.822405,826105228,345183456,1876.0,1916.0
2025-03-25T02:23:30.824572,826105228,345183456,0.0,0.0
2025-03-25T02:23:31.826768,826105228,345183456,0.0,0.0
2025-03-25T02:23:32.828429,826107104,345185372,1876.0,1916.0
2025-03-25T02:23:33.830627,826107104,345185372,0.0,0.0
2025-03-25T02:23:34.832808,826107104,345185372,0.0,0.0
2025-03-25T02:23:35.834569,826108980,345187288,1876.0,1916.0
2025-03-25T02:23:36.836368,826108980,345187288,0.0,0.0
2025-03-25T02:23:37.838174,826130602,345196614,21622.0,9326.0
2025-03-25T02:23:38.840067,826179992,345205003,49390.0,8389.0
2025-03-25T02:23:39.841377,826180046,345205003,54.0,0.0
2025-03-25T02:23:40.842391,826180100,345205003,54.0,0.0
2025-03-25T02:23:41.843407,826183466,345208363,3366.0,3360.0
2025-03-25T02:23:42.845505,826183562,345208425,96.0,62.0
2025-03-25T02:23:43.846374,826184006,345208683,444.0,258.0
