timestamp,rx_bytes,tx_bytes,rx_rate_bps,tx_rate_bps
2025-03-24T18:50:33.211664,771283826,318320874,1876.0,1916.0
2025-03-24T18:50:34.213894,771283912,318320874,86.0,0.0
2025-03-24T18:50:35.215412,771284218,318321170,306.0,296.0
2025-03-24T18:50:36.217134,771286094,318323086,1876.0,1916.0
2025-03-24T18:50:37.218998,771286094,318323086,0.0,0.0
2025-03-24T18:50:38.221022,771286094,318323086,0.0,0.0
2025-03-24T18:50:39.222423,771287970,318325002,1876.0,1916.0
2025-03-24T18:50:40.224834,771287970,318325002,0.0,0.0
2025-03-24T18:50:41.226653,771287970,318325002,0.0,0.0
2025-03-24T18:50:42.229017,771290239,318327274,2269.0,2272.0
2025-03-24T18:50:43.230412,771290239,318327274,0.0,0.0
2025-03-24T18:50:44.232324,771290239,318327274,0.0,0.0
2025-03-24T18:50:45.234080,771292115,318329190,1876.0,1916.0
2025-03-24T18:50:46.236085,771292115,318329190,0.0,0.0
2025-03-24T18:50:47.237942,771292115,318329190,0.0,0.0
2025-03-24T18:50:48.240288,771293991,318331106,1876.0,1916.0
2025-03-24T18:50:49.242124,771293991,318331106,0.0,0.0
2025-03-24T18:50:50.244224,771293991,318331106,0.0,0.0
2025-03-24T18:50:51.246581,771295867,318333022,1876.0,1916.0
2025-03-24T18:50:52.248365,771295867,318333022,0.0,0.0
2025-03-24T18:50:53.250240,771295867,318333022,0.0,0.0
2025-03-24T18:50:54.252173,771297743,318334938,1876.0,1916.0
2025-03-24T18:50:55.254389,771297743,318334938,0.0,0.0
2025-03-24T18:50:56.256547,771297743,318334938,0.0,0.0
2025-03-24T18:50:57.258770,771299619,318336854,1876.0,1916.0
2025-03-24T18:50:58.261010,771299619,318336854,0.0,0.0
2025-03-24T18:50:59.263038,771299619,318336854,0.0,0.0
2025-03-24T18:51:00.264385,771301495,318338770,1876.0,1916.0
2025-03-24T18:51:01.266120,771307974,318341302,6479.0,2532.0
2025-03-24T18:51:02.267992,771322514,318347737,14540.0,6435.0
2025-03-24T18:51:03.270058,771371904,318355868,49390.0,8131.0
2025-03-24T18:51:04.271573,771371990,318355868,86.0,0.0
2025-03-24T18:51:05.273474,771371990,318355868,0.0,0.0
2025-03-24T18:51:06.274418,771373866,318357784,1876.0,1916.0
2025-03-24T18:51:07.276474,771373866,318357784,0.0,0.0
2025-03-24T18:51:08.277416,771374310,318358128,444.0,344.0
2025-03-24T18:51:09.279159,771376228,318360044,1918.0,1916.0
2025-03-24T18:51:10.280909,771376228,318360044,0.0,0.0
2025-03-24T18:51:11.282345,771376228,318360044,0.0,0.0
2025-03-24T18:51:12.284361,771378104,318361960,1876.0,1916.0
2025-03-24T18:51:13.286243,771378104,318361960,0.0,0.0
2025-03-24T18:51:14.288364,771378104,318361960,0.0,0.0
2025-03-24T18:51:15.290259,771379980,318363876,1876.0,1916.0
2025-03-24T18:51:16.292385,771379980,318363876,0.0,0.0
2025-03-24T18:51:17.293404,771379980,318363876,0.0,0.0
2025-03-24T18:51:18.295292,771381856,318365792,1876.0,1916.0
2025-03-24T18:51:19.296432,771381856,318365792,0.0,0.0
2025-03-24T18:51:20.298611,771381856,318365792,0.0,0.0
2025-03-24T18:51:21.300477,771383732,318367708,1876.0,1916.0
2025-03-24T18:51:22.302767,771383732,318367708,0.0,0.0
2025-03-24T18:51:23.304586,771383732,318367708,0.0,0.0
2025-03-24T18:51:24.306887,771385608,318369624,1876.0,1916.0
2025-03-24T18:51:25.308550,771385608,318369624,0.0,0.0
2025-03-24T18:51:26.310272,771385608,318369624,0.0,0.0
2025-03-24T18:51:27.311311,771387568,318371540,1960.0,1916.0
2025-03-24T18:51:28.313464,771388111,318371540,543.0,0.0
2025-03-24T18:51:29.314409,771394778,318374403,6667.0,2863.0
2025-03-24T18:51:30.316570,771398087,318376405,3309.0,2002.0
2025-03-24T18:51:31.317408,771398087,318376405,0.0,0.0
2025-03-24T18:51:32.319560,771398087,318376405,0.0,0.0
2025-03-24T18:51:33.321899,771400017,318378321,1930.0,1916.0
2025-03-24T18:51:34.323909,771400199,318378383,182.0,62.0
2025-03-24T18:51:35.325337,771400463,318378617,264.0,234.0
2025-03-24T18:51:36.327057,771402339,318380615,1876.0,1998.0
2025-03-24T18:51:37.329346,771402393,318380615,54.0,0.0
2025-03-24T18:51:38.331519,771402393,318380615,0.0,0.0
2025-03-24T18:51:39.333608,771404269,318382531,1876.0,1916.0
2025-03-24T18:51:40.335443,771404269,318382531,0.0,0.0
2025-03-24T18:51:41.337602,771404269,318382531,0.0,0.0
2025-03-24T18:51:42.339403,771406145,318384447,1876.0,1916.0
2025-03-24T18:51:43.341150,771406145,318384447,0.0,0.0
2025-03-24T18:51:44.342314,771406145,318384447,0.0,0.0
2025-03-24T18:51:45.344364,771408021,318386363,1876.0,1916.0
2025-03-24T18:51:46.345374,771408021,318386363,0.0,0.0
2025-03-24T18:51:47.346584,771408021,318386363,0.0,0.0
2025-03-24T18:51:48.347383,771409897,318388279,1876.0,1916.0
2025-03-24T18:51:49.348578,771409897,318388279,0.0,0.0
2025-03-24T18:51:50.349394,771409897,318388279,0.0,0.0
2025-03-24T18:51:51.351229,771411773,318390195,1876.0,1916.0
2025-03-24T18:51:52.352959,771411773,318390195,0.0,0.0
2025-03-24T18:51:53.354335,771411773,318390195,0.0,0.0
2025-03-24T18:51:54.355428,771413649,318392111,1876.0,1916.0
2025-03-24T18:51:55.357612,771413649,318392111,0.0,0.0
2025-03-24T18:51:56.359767,771413649,318392111,0.0,0.0
2025-03-24T18:51:57.361970,771415525,318394027,1876.0,1916.0
2025-03-24T18:51:58.364273,771415525,318394027,0.0,0.0
2025-03-24T18:51:59.365557,771415525,318394027,0.0,0.0
2025-03-24T18:52:00.367297,771417401,318395943,1876.0,1916.0
2025-03-24T18:52:01.369172,771417401,318395943,0.0,0.0
2025-03-24T18:52:02.370573,771417401,318395943,0.0,0.0
2025-03-24T18:52:03.371421,771425134,318399599,7733.0,3656.0
2025-03-24T18:52:04.373761,771439303,318405471,14169.0,5872.0
2025-03-24T18:52:05.375456,771460045,318412978,20742.0,7507.0
2025-03-24T18:52:06.377626,771499858,318415796,39813.0,2818.0
2025-03-24T18:52:07.379717,771499858,318415796,0.0,0.0
2025-03-24T18:52:08.381624,771499858,318415796,0.0,0.0
2025-03-24T18:52:09.383388,771501734,318417712,1876.0,1916.0
2025-03-24T18:52:10.384279,771501734,318417712,0.0,0.0
2025-03-24T18:52:11.386448,771502575,318417884,841.0,172.0
2025-03-24T18:52:12.388626,771504659,318419800,2084.0,1916.0
2025-03-24T18:52:13.391029,771504659,318419800,0.0,0.0
2025-03-24T18:52:14.392416,771504867,318419800,208.0,0.0
2025-03-24T18:52:15.394513,771506743,318421716,1876.0,1916.0
2025-03-24T18:52:16.395419,771506743,318421716,0.0,0.0
2025-03-24T18:52:17.396385,771506743,318421716,0.0,0.0
2025-03-24T18:52:18.398129,771508827,318423632,2084.0,1916.0
2025-03-24T18:52:19.400014,771508827,318423632,0.0,0.0
2025-03-24T18:52:20.401434,771508827,318423632,0.0,0.0
2025-03-24T18:52:21.403634,771511241,318425548,2414.0,1916.0
2025-03-24T18:52:22.405715,771511360,318425548,119.0,0.0
2025-03-24T18:52:23.407559,771511479,318425548,119.0,0.0
2025-03-24T18:52:24.409718,771513355,318427464,1876.0,1916.0
2025-03-24T18:52:25.411550,771513355,318427464,0.0,0.0
2025-03-24T18:52:26.413284,771513563,318427464,208.0,0.0
2025-03-24T18:52:27.415001,771515439,318429380,1876.0,1916.0
2025-03-24T18:52:28.417166,771515652,318429380,213.0,0.0
2025-03-24T18:52:29.418375,771523777,318432255,8125.0,2875.0
2025-03-24T18:52:30.420556,771527310,318435701,3533.0,3446.0
2025-03-24T18:52:31.422787,771527703,318435701,393.0,0.0
2025-03-24T18:52:32.424405,771527757,318435701,54.0,0.0
