timestamp,rx_bytes,tx_bytes,rx_rate_bps,tx_rate_bps
2025-03-22T12:28:48.350335,210444437,94940122,38818.0,27045.0
2025-03-22T12:28:49.352008,210487832,94946065,43395.0,5943.0
2025-03-22T12:28:50.353717,210488770,94947023,938.0,958.0
2025-03-22T12:28:51.355328,210489708,94947981,938.0,958.0
2025-03-22T12:28:52.356224,210489750,94948043,42.0,62.0
2025-03-22T12:28:53.358016,210490688,94949001,938.0,958.0
2025-03-22T12:28:54.359297,210492070,94950217,1382.0,1216.0
2025-03-22T12:28:55.360295,210492070,94950217,0.0,0.0
2025-03-22T12:28:56.361238,210493112,94951175,1042.0,958.0
2025-03-22T12:28:57.362200,210494050,94952133,938.0,958.0
2025-03-22T12:28:58.363097,210494104,94952133,54.0,0.0
2025-03-22T12:28:59.364102,210503020,94955844,8916.0,3711.0
2025-03-22T12:29:00.365255,210503958,94956888,938.0,1044.0
2025-03-22T12:29:01.366229,210504012,94956888,54.0,0.0
2025-03-22T12:29:02.367315,210505004,94957846,992.0,958.0
2025-03-22T12:29:03.368192,210505942,94958804,938.0,958.0
2025-03-22T12:29:04.369750,210506008,94958890,66.0,86.0
2025-03-22T12:29:05.371174,210507168,94960102,1160.0,1212.0
2025-03-22T12:29:06.372310,210508106,94961060,938.0,958.0
2025-03-22T12:29:07.377295,210508106,94961060,0.0,0.0
2025-03-22T12:29:08.378814,210509044,94962018,938.0,958.0
2025-03-22T12:29:09.380263,210510101,94962976,1057.0,958.0
2025-03-22T12:29:10.381192,210510101,94962976,0.0,0.0
2025-03-22T12:29:11.382171,210511039,94963934,938.0,958.0
2025-03-22T12:29:12.383261,210511977,94964892,938.0,958.0
2025-03-22T12:29:13.384735,210511977,94964892,0.0,0.0
2025-03-22T12:29:14.386203,210513207,94966064,1230.0,1172.0
2025-03-22T12:29:15.387733,210514606,94967453,1399.0,1389.0
2025-03-22T12:29:16.389145,210514606,94967453,0.0,0.0
2025-03-22T12:29:17.390799,210515586,94968411,980.0,958.0
2025-03-22T12:29:18.392275,210516524,94969369,938.0,958.0
2025-03-22T12:29:19.393785,210516566,94969431,42.0,62.0
2025-03-22T12:29:20.395144,210517504,94970389,938.0,958.0
2025-03-22T12:29:21.396767,210518442,94971347,938.0,958.0
2025-03-22T12:29:22.398320,210518442,94971347,0.0,0.0
2025-03-22T12:29:23.401382,210519380,94972305,938.0,958.0
2025-03-22T12:29:24.402123,210520360,94973263,980.0,958.0
2025-03-22T12:29:25.403206,210520402,94973263,42.0,0.0
2025-03-22T12:29:26.404130,210521382,94974221,980.0,958.0
2025-03-22T12:29:27.405624,210522362,94975179,980.0,958.0
2025-03-22T12:29:28.407161,210522404,94975179,42.0,0.0
2025-03-22T12:29:29.408622,210530048,94978623,7644.0,3444.0
2025-03-22T12:29:30.409272,210532289,94979667,2241.0,1044.0
2025-03-22T12:29:31.410826,210532331,94979667,42.0,0.0
2025-03-22T12:29:32.412313,210533311,94980625,980.0,958.0
2025-03-22T12:29:33.413851,210534291,94981583,980.0,958.0
2025-03-22T12:29:34.415375,210534333,94981583,42.0,0.0
2025-03-22T12:29:35.416877,210535493,94982713,1160.0,1130.0
2025-03-22T12:29:36.418371,210536473,94983671,980.0,958.0
2025-03-22T12:29:37.419152,210536515,94983671,42.0,0.0
2025-03-22T12:29:38.420658,210537495,94984629,980.0,958.0
2025-03-22T12:29:39.424259,210538475,94985587,980.0,958.0
2025-03-22T12:29:40.425760,210538517,94985587,42.0,0.0
2025-03-22T12:29:41.427063,210539497,94986545,980.0,958.0
2025-03-22T12:29:42.428110,210540477,94987503,980.0,958.0
2025-03-22T12:29:43.429592,210540519,94987503,42.0,0.0
2025-03-22T12:29:44.431033,210541499,94988461,980.0,958.0
2025-03-22T12:29:45.432172,210542479,94989419,980.0,958.0
2025-03-22T12:29:46.433067,210542914,94989775,435.0,356.0
2025-03-22T12:29:47.434501,210543894,94990733,980.0,958.0
2025-03-22T12:29:48.435133,210544832,94991691,938.0,958.0
2025-03-22T12:29:49.436134,210559935,94997561,15103.0,5870.0
2025-03-22T12:29:50.437735,210608970,95008362,49035.0,10801.0
2025-03-22T12:29:51.443370,210615963,95009640,6993.0,1278.0
2025-03-22T12:29:52.444108,210615963,95009640,0.0,0.0
2025-03-22T12:29:53.445610,210616901,95010598,938.0,958.0
2025-03-22T12:29:54.447101,210617881,95011556,980.0,958.0
2025-03-22T12:29:55.448726,210617881,95011556,0.0,0.0
2025-03-22T12:29:56.450192,210619263,95012772,1382.0,1216.0
2025-03-22T12:29:57.451661,210620201,95013730,938.0,958.0
2025-03-22T12:29:58.453107,210620201,95013730,0.0,0.0
2025-03-22T12:29:59.454083,210629117,95017527,8916.0,3797.0
2025-03-22T12:30:00.455063,210630055,95018485,938.0,958.0
2025-03-22T12:30:01.456134,210630055,95018485,0.0,0.0
2025-03-22T12:30:02.457370,210630993,95019443,938.0,958.0
2025-03-22T12:30:03.458919,210632027,95020401,1034.0,958.0
2025-03-22T12:30:04.460123,210632303,95020573,276.0,172.0
2025-03-22T12:30:05.461041,210637204,95021531,4901.0,958.0
2025-03-22T12:30:06.462066,210644201,95022489,6997.0,958.0
2025-03-22T12:30:07.463119,210644201,95022489,0.0,0.0
2025-03-22T12:30:08.464086,210645139,95023447,938.0,958.0
2025-03-22T12:30:09.465126,210646077,95024405,938.0,958.0
2025-03-22T12:30:10.466119,210646077,95024405,0.0,0.0
2025-03-22T12:30:11.467230,210647015,95025363,938.0,958.0
2025-03-22T12:30:12.468291,210647953,95026321,938.0,958.0
2025-03-22T12:30:13.469825,210647953,95026321,0.0,0.0
2025-03-22T12:30:14.471301,210648891,95027279,938.0,958.0
2025-03-22T12:30:15.472091,210649829,95028237,938.0,958.0
2025-03-22T12:30:16.473151,210649829,95028237,0.0,0.0
2025-03-22T12:30:17.474609,210650767,95029195,938.0,958.0
2025-03-22T12:30:18.476146,210651705,95030153,938.0,958.0
2025-03-22T12:30:19.477171,210651705,95030153,0.0,0.0
2025-03-22T12:30:20.478167,210652643,95031111,938.0,958.0
2025-03-22T12:30:21.479637,210653581,95032069,938.0,958.0
2025-03-22T12:30:22.481282,210653581,95032069,0.0,0.0
2025-03-22T12:30:23.482784,210654519,95033027,938.0,958.0
2025-03-22T12:30:24.484466,210655457,95033985,938.0,958.0
2025-03-22T12:30:25.485273,210655457,95033985,0.0,0.0
2025-03-22T12:30:26.487062,210656395,95034943,938.0,958.0
2025-03-22T12:30:27.488073,210657333,95035901,938.0,958.0
2025-03-22T12:30:28.489553,210657333,95035901,0.0,0.0
2025-03-22T12:30:29.491040,210658271,95036859,938.0,958.0
2025-03-22T12:30:30.492203,210659209,95037817,938.0,958.0
2025-03-22T12:30:31.493285,210659209,95037817,0.0,0.0
2025-03-22T12:30:32.494840,210660147,95038775,938.0,958.0
2025-03-22T12:30:33.496136,210661085,95039733,938.0,958.0
2025-03-22T12:30:34.497286,210661701,95040691,616.0,958.0
2025-03-22T12:30:35.498913,210662023,95040691,322.0,0.0
2025-03-22T12:30:36.500441,210662961,95041649,938.0,958.0
2025-03-22T12:30:37.501121,210663899,95042607,938.0,958.0
2025-03-22T12:30:38.502693,210663899,95042607,0.0,0.0
2025-03-22T12:30:39.504210,210664837,95043565,938.0,958.0
2025-03-22T12:30:40.505092,210665775,95044523,938.0,958.0
2025-03-22T12:30:41.506106,210665775,95044523,0.0,0.0
2025-03-22T12:30:42.507622,210666713,95045481,938.0,958.0
2025-03-22T12:30:43.509092,210667651,95046439,938.0,958.0
2025-03-22T12:30:44.510191,210667651,95046439,0.0,0.0
2025-03-22T12:30:45.511652,210668589,95047397,938.0,958.0
2025-03-22T12:30:46.513310,210671279,95050107,2690.0,2710.0
2025-03-22T12:30:47.514111,210671279,95050107,0.0,0.0
