timestamp,rx_bytes,tx_bytes,rx_rate_bps,tx_rate_bps
2025-03-24T00:42:59.845719,488158318,224232694,3348.0,3032.0
2025-03-24T00:43:00.847344,488158318,224232694,0.0,0.0
2025-03-24T00:43:01.848394,488158540,224232866,222.0,172.0
2025-03-24T00:43:02.849296,488160416,224234782,1876.0,1916.0
2025-03-24T00:43:03.851105,488160416,224234782,0.0,0.0
2025-03-24T00:43:04.852598,488160638,224234954,222.0,172.0
2025-03-24T00:43:05.854495,488162514,224236870,1876.0,1916.0
2025-03-24T00:43:06.856623,488162514,224236870,0.0,0.0
2025-03-24T00:43:07.858576,488162514,224236870,0.0,0.0
2025-03-24T00:43:08.860445,488164390,224238786,1876.0,1916.0
2025-03-24T00:43:09.862539,488164390,224238786,0.0,0.0
2025-03-24T00:43:10.863415,488164390,224238786,0.0,0.0
2025-03-24T00:43:11.865534,488166266,224240702,1876.0,1916.0
2025-03-24T00:43:12.867317,488166266,224240702,0.0,0.0
2025-03-24T00:43:13.869113,488166266,224240702,0.0,0.0
2025-03-24T00:43:14.870843,488168142,224242618,1876.0,1916.0
2025-03-24T00:43:15.872626,488168142,224242618,0.0,0.0
2025-03-24T00:43:16.874411,488168142,224242618,0.0,0.0
2025-03-24T00:43:17.875438,488170060,224244534,1918.0,1916.0
2025-03-24T00:43:18.877600,488170060,224244534,0.0,0.0
2025-03-24T00:43:19.879404,488170060,224244534,0.0,0.0
2025-03-24T00:43:20.881565,488171936,224246450,1876.0,1916.0
2025-03-24T00:43:21.883770,488172002,224246536,66.0,86.0
2025-03-24T00:43:22.885432,488172002,224246536,0.0,0.0
2025-03-24T00:43:23.887481,488173878,224248452,1876.0,1916.0
2025-03-24T00:43:24.889575,488173878,224248452,0.0,0.0
2025-03-24T00:43:25.891367,488173878,224248452,0.0,0.0
2025-03-24T00:43:26.893165,488175838,224250492,1960.0,2040.0
2025-03-24T00:43:27.894961,488175838,224250492,0.0,0.0
2025-03-24T00:43:28.896610,488175838,224250492,0.0,0.0
2025-03-24T00:43:29.898479,488177714,224252408,1876.0,1916.0
2025-03-24T00:43:30.900353,488177714,224252408,0.0,0.0
2025-03-24T00:43:31.901715,488177714,224252408,0.0,0.0
2025-03-24T00:43:32.903535,488179590,224254324,1876.0,1916.0
2025-03-24T00:43:33.904426,488179590,224254324,0.0,0.0
2025-03-24T00:43:34.905581,488179590,224254324,0.0,0.0
2025-03-24T00:43:35.907390,488181466,224256240,1876.0,1916.0
2025-03-24T00:43:36.908364,488181466,224256240,0.0,0.0
2025-03-24T00:43:37.909392,488181466,224256240,0.0,0.0
2025-03-24T00:43:38.910356,488183342,224258156,1876.0,1916.0
2025-03-24T00:43:39.911370,488183342,224258156,0.0,0.0
2025-03-24T00:43:40.912335,488183342,224258156,0.0,0.0
2025-03-24T00:43:41.914431,488185218,224260072,1876.0,1916.0
2025-03-24T00:43:42.916848,488185218,224260072,0.0,0.0
2025-03-24T00:43:43.918435,488185218,224260072,0.0,0.0
2025-03-24T00:43:44.919638,488187094,224261988,1876.0,1916.0
2025-03-24T00:43:45.921553,488187094,224261988,0.0,0.0
2025-03-24T00:43:46.923350,488187094,224261988,0.0,0.0
2025-03-24T00:43:47.925722,488188970,224263904,1876.0,1916.0
2025-03-24T00:43:48.927422,488188970,224263904,0.0,0.0
2025-03-24T00:43:49.929221,488188970,224263904,0.0,0.0
2025-03-24T00:43:50.931022,488190846,224265820,1876.0,1916.0
2025-03-24T00:43:51.932850,488190846,224265820,0.0,0.0
2025-03-24T00:43:52.934406,488190846,224265820,0.0,0.0
2025-03-24T00:43:53.935557,488192722,224267736,1876.0,1916.0
2025-03-24T00:43:54.936436,488192722,224267736,0.0,0.0
2025-03-24T00:43:55.937407,488192722,224267736,0.0,0.0
2025-03-24T00:43:56.938549,488194598,224269652,1876.0,1916.0
2025-03-24T00:43:57.939431,488216178,224279150,21580.0,9498.0
2025-03-24T00:43:58.940450,488263746,224285623,47568.0,6473.0
2025-03-24T00:43:59.942621,488267094,224288655,3348.0,3032.0
2025-03-24T00:44:00.944391,488267094,224288655,0.0,0.0
2025-03-24T00:44:01.946250,488267094,224288655,0.0,0.0
2025-03-24T00:44:02.948053,488269012,224290633,1918.0,1978.0
2025-03-24T00:44:03.949719,488269234,224290805,222.0,172.0
2025-03-24T00:44:04.951425,488269456,224290977,222.0,172.0
2025-03-24T00:44:05.952565,488271332,224292893,1876.0,1916.0
2025-03-24T00:44:06.953626,488281747,224293249,10415.0,356.0
2025-03-24T00:44:07.955581,488281801,224293249,54.0,0.0
2025-03-24T00:44:08.957448,488283677,224295165,1876.0,1916.0
2025-03-24T00:44:09.958404,488283677,224295165,0.0,0.0
2025-03-24T00:44:10.959576,488284293,224296123,616.0,958.0
2025-03-24T00:44:11.961411,488285553,224297081,1260.0,958.0
2025-03-24T00:44:12.962362,488285553,224297081,0.0,0.0
2025-03-24T00:44:13.963328,488286783,224298253,1230.0,1172.0
2025-03-24T00:44:14.965142,488288178,224299642,1395.0,1389.0
2025-03-24T00:44:15.966451,488288178,224299642,0.0,0.0
2025-03-24T00:44:16.968346,488289116,224300600,938.0,958.0
2025-03-24T00:44:17.969406,488290054,224301558,938.0,958.0
2025-03-24T00:44:18.971409,488290054,224301558,0.0,0.0
2025-03-24T00:44:19.972459,488290992,224302516,938.0,958.0
2025-03-24T00:44:20.974611,488291930,224303474,938.0,958.0
2025-03-24T00:44:21.976736,488291930,224303474,0.0,0.0
2025-03-24T00:44:22.978439,488292868,224304432,938.0,958.0
2025-03-24T00:44:23.980182,488293806,224305390,938.0,958.0
2025-03-24T00:44:24.981832,488293806,224305390,0.0,0.0
2025-03-24T00:44:25.983849,488294744,224306348,938.0,958.0
2025-03-24T00:44:26.985409,488295682,224307306,938.0,958.0
2025-03-24T00:44:27.989606,488295682,224307306,0.0,0.0
2025-03-24T00:44:28.991586,488296620,224308264,938.0,958.0
2025-03-24T00:44:29.993624,488305406,224311880,8786.0,3616.0
2025-03-24T00:44:30.995914,488305406,224311880,0.0,0.0
2025-03-24T00:44:31.997591,488306344,224312838,938.0,958.0
2025-03-24T00:44:32.999590,488307282,224313796,938.0,958.0
2025-03-24T00:44:34.001828,488307282,224313796,0.0,0.0
2025-03-24T00:44:35.003902,488308442,224314926,1160.0,1130.0
2025-03-24T00:44:36.005760,488309422,224315884,980.0,958.0
2025-03-24T00:44:37.007540,488309464,224315884,42.0,0.0
2025-03-24T00:44:38.008497,488310444,224316842,980.0,958.0
2025-03-24T00:44:39.010348,488311424,224317800,980.0,958.0
2025-03-24T00:44:40.012510,488311466,224317862,42.0,62.0
2025-03-24T00:44:41.013529,488312446,224318820,980.0,958.0
2025-03-24T00:44:42.015915,488313426,224319778,980.0,958.0
2025-03-24T00:44:43.018182,488313468,224319778,42.0,0.0
2025-03-24T00:44:44.019647,488314490,224320736,1022.0,958.0
2025-03-24T00:44:45.021368,488315428,224321694,938.0,958.0
2025-03-24T00:44:46.022453,488315470,224321694,42.0,0.0
2025-03-24T00:44:47.023440,488316450,224322652,980.0,958.0
2025-03-24T00:44:48.024441,488317430,224323610,980.0,958.0
2025-03-24T00:44:49.026309,488317472,224323610,42.0,0.0
2025-03-24T00:44:50.027407,488318452,224324568,980.0,958.0
2025-03-24T00:44:51.029313,488319432,224325526,980.0,958.0
2025-03-24T00:44:52.031423,488319474,224325526,42.0,0.0
2025-03-24T00:44:53.032500,488320496,224326484,1022.0,958.0
2025-03-24T00:44:54.033475,488321434,224327442,938.0,958.0
2025-03-24T00:44:55.035472,488321476,224327442,42.0,0.0
2025-03-24T00:44:56.036543,488325146,224331110,3670.0,3668.0
2025-03-24T00:44:57.037339,488325188,224331110,42.0,0.0
2025-03-24T00:44:58.038374,488325230,224331110,42.0,0.0
2025-03-24T00:44:59.040123,488325902,224331760,672.0,650.0
