timestamp,rx_bytes,tx_bytes,rx_rate_bps,tx_rate_bps
2025-03-25T21:45:13.882938,1007596903,413681926,6474.0,1916.0
2025-03-25T21:45:14.884340,1007597334,413682184,431.0,258.0
2025-03-25T21:45:15.885609,1007597334,413682184,0.0,0.0
2025-03-25T21:45:16.887492,1007599210,413684100,1876.0,1916.0
2025-03-25T21:45:17.888571,1007599210,413684100,0.0,0.0
2025-03-25T21:45:18.890438,1007599210,413684100,0.0,0.0
2025-03-25T21:45:19.892278,1007601086,413686016,1876.0,1916.0
2025-03-25T21:45:20.893401,1007601154,413686308,68.0,292.0
2025-03-25T21:45:21.894590,1007601154,413686308,0.0,0.0
2025-03-25T21:45:22.896415,1007603090,413688224,1936.0,1916.0
2025-03-25T21:45:23.897397,1007603167,413688224,77.0,0.0
2025-03-25T21:45:24.899493,1007603167,413688224,0.0,0.0
2025-03-25T21:45:25.901398,1007605103,413690140,1936.0,1916.0
2025-03-25T21:45:26.903732,1007605180,413690140,77.0,0.0
2025-03-25T21:45:27.905584,1007605240,413690140,60.0,0.0
2025-03-25T21:45:28.906560,1007607116,413692056,1876.0,1916.0
2025-03-25T21:45:29.907723,1007615100,413695925,7984.0,3869.0
2025-03-25T21:45:30.909556,1007615100,413695925,0.0,0.0
2025-03-25T21:45:31.910567,1007617036,413697841,1936.0,1916.0
2025-03-25T21:45:32.912758,1007617113,413697841,77.0,0.0
2025-03-25T21:45:33.914987,1007617173,413697841,60.0,0.0
2025-03-25T21:45:34.916388,1007619313,413699991,2140.0,2150.0
2025-03-25T21:45:35.917376,1007619450,413699991,137.0,0.0
2025-03-25T21:45:36.918430,1007619450,413699991,0.0,0.0
2025-03-25T21:45:37.919453,1007621386,413701907,1936.0,1916.0
2025-03-25T21:45:38.920457,1007621463,413701907,77.0,0.0
2025-03-25T21:45:39.921622,1007621523,413701907,60.0,0.0
2025-03-25T21:45:40.923462,1007623399,413703823,1876.0,1916.0
2025-03-25T21:45:41.924418,1007623536,413703823,137.0,0.0
2025-03-25T21:45:42.925435,1007623536,413703823,0.0,0.0
2025-03-25T21:45:43.926574,1007625472,413705739,1936.0,1916.0
2025-03-25T21:45:44.928447,1007625549,413705739,77.0,0.0
2025-03-25T21:45:45.929379,1007625609,413705739,60.0,0.0
2025-03-25T21:45:46.930377,1007627485,413707655,1876.0,1916.0
2025-03-25T21:45:47.931363,1007627622,413707655,137.0,0.0
2025-03-25T21:45:48.932315,1007627664,413707655,42.0,0.0
2025-03-25T21:45:49.934130,1007629600,413709571,1936.0,1916.0
2025-03-25T21:45:50.935907,1007629677,413709571,77.0,0.0
2025-03-25T21:45:51.937780,1007629737,413709571,60.0,0.0
2025-03-25T21:45:52.939425,1007631291,413711487,1554.0,1916.0
2025-03-25T21:45:53.940400,1007631673,413711487,382.0,0.0
2025-03-25T21:45:54.941383,1007631673,413711487,0.0,0.0
2025-03-25T21:45:55.942313,1007633549,413713403,1876.0,1916.0
2025-03-25T21:45:56.944046,1007633626,413713403,77.0,0.0
2025-03-25T21:45:57.945865,1007633686,413713403,60.0,0.0
2025-03-25T21:45:58.947746,1007635562,413715319,1876.0,1916.0
2025-03-25T21:45:59.949544,1007635699,413715319,137.0,0.0
2025-03-25T21:46:00.950458,1007635699,413715319,0.0,0.0
2025-03-25T21:46:01.952303,1007636931,413717235,1232.0,1916.0
2025-03-25T21:46:02.954133,1007637008,413717235,77.0,0.0
2025-03-25T21:46:03.955936,1007637068,413717235,60.0,0.0
2025-03-25T21:46:04.957304,1007638622,413719151,1554.0,1916.0
2025-03-25T21:46:05.958367,1007642722,413719151,4100.0,0.0
2025-03-25T21:46:06.959306,1007648877,413719151,6155.0,0.0
2025-03-25T21:46:07.960298,1007666851,413726761,17974.0,7610.0
2025-03-25T21:46:08.961297,1007673447,413730487,6596.0,3726.0
2025-03-25T21:46:09.962531,1007688067,413736246,14620.0,5759.0
2025-03-25T21:46:10.963322,1007724254,413740496,36187.0,4250.0
2025-03-25T21:46:11.964291,1007732944,413740680,8690.0,184.0
2025-03-25T21:46:12.965402,1007732944,413740680,0.0,0.0
2025-03-25T21:46:13.966306,1007734654,413742596,1710.0,1916.0
2025-03-25T21:46:14.967311,1007735329,413742850,675.0,254.0
2025-03-25T21:46:15.968326,1007735711,413743022,382.0,172.0
2025-03-25T21:46:16.969299,1007737587,413744938,1876.0,1916.0
2025-03-25T21:46:17.970298,1007737724,413744938,137.0,0.0
2025-03-25T21:46:18.971345,1007737724,413744938,0.0,0.0
2025-03-25T21:46:19.973407,1007739660,413746854,1936.0,1916.0
2025-03-25T21:46:20.975583,1007739737,413746854,77.0,0.0
2025-03-25T21:46:21.977993,1007739797,413746854,60.0,0.0
2025-03-25T21:46:22.979409,1007741673,413748770,1876.0,1916.0
2025-03-25T21:46:23.980552,1007741810,413748770,137.0,0.0
2025-03-25T21:46:24.981387,1007741810,413748770,0.0,0.0
2025-03-25T21:46:25.982402,1007743424,413750686,1614.0,1916.0
2025-03-25T21:46:26.983376,1007743501,413750686,77.0,0.0
2025-03-25T21:46:27.984431,1007743561,413750686,60.0,0.0
2025-03-25T21:46:28.985536,1007745759,413752602,2198.0,1916.0
2025-03-25T21:46:29.987515,1007753737,413755441,7978.0,2839.0
2025-03-25T21:46:30.988451,1007753737,413755441,0.0,0.0
2025-03-25T21:46:31.989435,1007755613,413757357,1876.0,1916.0
2025-03-25T21:46:32.990390,1007755690,413757357,77.0,0.0
2025-03-25T21:46:33.991512,1007755690,413757357,0.0,0.0
2025-03-25T21:46:34.993476,1007757830,413759507,2140.0,2150.0
2025-03-25T21:46:35.994776,1007757967,413759507,137.0,0.0
2025-03-25T21:46:36.996578,1007757967,413759507,0.0,0.0
2025-03-25T21:46:37.997540,1007759843,413761423,1876.0,1916.0
2025-03-25T21:46:38.998609,1007759980,413761423,137.0,0.0
2025-03-25T21:46:40.000538,1007759980,413761423,0.0,0.0
2025-03-25T21:46:41.001394,1007761916,413763339,1936.0,1916.0
2025-03-25T21:46:42.002430,1007761993,413763339,77.0,0.0
2025-03-25T21:46:43.003370,1007762053,413763339,60.0,0.0
2025-03-25T21:46:44.004392,1007763971,413765255,1918.0,1916.0
2025-03-25T21:46:45.005321,1007764150,413765255,179.0,0.0
2025-03-25T21:46:46.006393,1007764192,413765255,42.0,0.0
2025-03-25T21:46:47.008211,1007766128,413767171,1936.0,1916.0
2025-03-25T21:46:48.009519,1007766205,413767171,77.0,0.0
2025-03-25T21:46:49.010431,1007766265,413767171,60.0,0.0
2025-03-25T21:46:50.011424,1007768141,413769087,1876.0,1916.0
2025-03-25T21:46:51.012466,1007768278,413769087,137.0,0.0
2025-03-25T21:46:52.014358,1007768278,413769087,0.0,0.0
2025-03-25T21:46:53.015600,1007770214,413771003,1936.0,1916.0
2025-03-25T21:46:54.017359,1007770291,413771003,77.0,0.0
2025-03-25T21:46:55.018397,1007770351,413771003,60.0,0.0
2025-03-25T21:46:56.019384,1007772227,413772919,1876.0,1916.0
2025-03-25T21:46:57.020393,1007772364,413772919,137.0,0.0
2025-03-25T21:46:58.021435,1007772364,413772919,0.0,0.0
2025-03-25T21:46:59.022408,1007774300,413774835,1936.0,1916.0
2025-03-25T21:47:00.023624,1007774377,413774835,77.0,0.0
2025-03-25T21:47:01.025412,1007774437,413774835,60.0,0.0
2025-03-25T21:47:02.026386,1007775669,413776751,1232.0,1916.0
2025-03-25T21:47:03.027460,1007776450,413776751,781.0,0.0
2025-03-25T21:47:04.028434,1007776450,413776751,0.0,0.0
2025-03-25T21:47:05.029563,1007778386,413778667,1936.0,1916.0
2025-03-25T21:47:06.030444,1007778463,413778667,77.0,0.0
2025-03-25T21:47:07.031426,1007778463,413778667,0.0,0.0
2025-03-25T21:47:08.032411,1007779695,413780583,1232.0,1916.0
2025-03-25T21:47:09.033364,1007779755,413780583,60.0,0.0
2025-03-25T21:47:10.034374,1007786449,413782619,6694.0,2036.0
2025-03-25T21:47:11.035989,1007797435,413788511,10986.0,5892.0
2025-03-25T21:47:12.037594,1007800136,413790675,2701.0,2164.0
2025-03-25T21:47:13.039619,1007803724,413791581,3588.0,906.0
