timestamp,rx_bytes,tx_bytes,rx_rate_bps,tx_rate_bps
2025-03-23T16:05:20.190392,432858148,193906495,2457.0,2174.0
2025-03-23T16:05:21.191275,432858202,193906495,54.0,0.0
2025-03-23T16:05:22.192185,432858316,193906495,114.0,0.0
2025-03-23T16:05:23.193499,432860404,193908411,2088.0,1916.0
2025-03-23T16:05:24.194708,432860464,193908411,60.0,0.0
2025-03-23T16:05:25.196277,432860464,193908411,0.0,0.0
2025-03-23T16:05:26.197285,432862417,193910327,1953.0,1916.0
2025-03-23T16:05:27.198326,432862477,193910327,60.0,0.0
2025-03-23T16:05:28.199454,432862477,193910327,0.0,0.0
2025-03-23T16:05:29.200463,432864564,193913026,2087.0,2699.0
2025-03-23T16:05:30.201281,432872468,193915082,7904.0,2056.0
2025-03-23T16:05:31.202418,432872528,193915082,60.0,0.0
2025-03-23T16:05:32.203307,432874481,193916998,1953.0,1916.0
2025-03-23T16:05:33.204296,432874541,193916998,60.0,0.0
2025-03-23T16:05:34.205278,432874541,193916998,0.0,0.0
2025-03-23T16:05:35.206740,432876699,193919086,2158.0,2088.0
2025-03-23T16:05:36.208352,432876699,193919086,0.0,0.0
2025-03-23T16:05:37.209442,432876759,193919086,60.0,0.0
2025-03-23T16:05:38.210493,432878832,193921002,2073.0,1916.0
2025-03-23T16:05:39.211289,432878892,193921002,60.0,0.0
2025-03-23T16:05:40.212464,432878934,193921064,42.0,62.0
2025-03-23T16:05:41.213265,432880947,193922980,2013.0,1916.0
2025-03-23T16:05:42.214276,432880947,193922980,0.0,0.0
2025-03-23T16:05:43.215323,432881142,193922980,195.0,0.0
2025-03-23T16:05:44.216469,432883095,193924896,1953.0,1916.0
2025-03-23T16:05:45.217409,432883155,193924896,60.0,0.0
2025-03-23T16:05:46.218349,432883155,193924896,0.0,0.0
2025-03-23T16:05:47.219421,432885168,193926812,2013.0,1916.0
2025-03-23T16:05:48.220466,432885168,193926812,0.0,0.0
2025-03-23T16:05:49.222183,432885228,193926812,60.0,0.0
2025-03-23T16:05:50.223281,432887181,193928728,1953.0,1916.0
2025-03-23T16:05:51.224250,432887241,193928728,60.0,0.0
2025-03-23T16:05:52.225266,432887241,193928728,0.0,0.0
2025-03-23T16:05:53.226268,432889254,193930644,2013.0,1916.0
2025-03-23T16:05:54.227303,432889254,193930644,0.0,0.0
2025-03-23T16:05:55.228331,432892387,193936268,3133.0,5624.0
2025-03-23T16:05:56.229556,432894340,193938184,1953.0,1916.0
2025-03-23T16:05:57.231266,432894400,193938184,60.0,0.0
2025-03-23T16:05:58.232282,432894400,193938184,0.0,0.0
2025-03-23T16:05:59.233439,432896413,193940100,2013.0,1916.0
2025-03-23T16:06:00.234276,432896497,193940224,84.0,124.0
2025-03-23T16:06:01.235461,432896557,193940224,60.0,0.0
2025-03-23T16:06:02.236317,432898510,193942140,1953.0,1916.0
2025-03-23T16:06:03.237297,432898705,193942140,195.0,0.0
2025-03-23T16:06:04.238464,432898705,193942140,0.0,0.0
2025-03-23T16:06:05.239588,432903674,193944056,4969.0,1916.0
2025-03-23T16:06:06.241366,432910740,193944056,7066.0,0.0
2025-03-23T16:06:07.242334,432910800,193944056,60.0,0.0
2025-03-23T16:06:08.243235,432912920,193945972,2120.0,1916.0
2025-03-23T16:06:09.244208,432912980,193945972,60.0,0.0
2025-03-23T16:06:10.245954,432912980,193945972,0.0,0.0
2025-03-23T16:06:11.247258,432914993,193947888,2013.0,1916.0
2025-03-23T16:06:12.248272,432914993,193947888,0.0,0.0
2025-03-23T16:06:13.249226,432915053,193947888,60.0,0.0
2025-03-23T16:06:14.250265,432917006,193949804,1953.0,1916.0
2025-03-23T16:06:15.251920,432919624,193951462,2618.0,1658.0
2025-03-23T16:06:16.256958,432938646,193959302,19022.0,7840.0
2025-03-23T16:06:17.258235,432988107,193967973,49461.0,8671.0
2025-03-23T16:06:18.260064,432988107,193967973,0.0,0.0
2025-03-23T16:06:19.261406,432988167,193967973,60.0,0.0
2025-03-23T16:06:20.262650,432990120,193969889,1953.0,1916.0
2025-03-23T16:06:21.264495,432990222,193969951,102.0,62.0
2025-03-23T16:06:22.265412,432990666,193970209,444.0,258.0
2025-03-23T16:06:23.266346,432992814,193972125,2148.0,1916.0
2025-03-23T16:06:24.267239,432992814,193972125,0.0,0.0
2025-03-23T16:06:25.268707,432992874,193972125,60.0,0.0
2025-03-23T16:06:26.270314,432994827,193974041,1953.0,1916.0
2025-03-23T16:06:27.272225,432994887,193974041,60.0,0.0
2025-03-23T16:06:28.273413,432994887,193974041,0.0,0.0
2025-03-23T16:06:29.274374,433003379,193978710,8492.0,4669.0
2025-03-23T16:06:30.275189,433004878,193978796,1499.0,86.0
2025-03-23T16:06:31.276320,433004938,193978796,60.0,0.0
2025-03-23T16:06:32.277302,433006891,193980712,1953.0,1916.0
2025-03-23T16:06:33.278542,433006951,193980712,60.0,0.0
2025-03-23T16:06:34.279330,433006951,193980712,0.0,0.0
2025-03-23T16:06:35.280315,433009109,193982800,2158.0,2088.0
2025-03-23T16:06:36.281268,433009109,193982800,0.0,0.0
2025-03-23T16:06:37.282885,433009169,193982800,60.0,0.0
2025-03-23T16:06:38.284357,433011122,193984716,1953.0,1916.0
2025-03-23T16:06:39.285395,433011182,193984716,60.0,0.0
2025-03-23T16:06:40.286307,433011182,193984716,0.0,0.0
2025-03-23T16:06:41.287338,433013195,193986632,2013.0,1916.0
2025-03-23T16:06:42.288320,433013195,193986632,0.0,0.0
2025-03-23T16:06:43.289338,433013396,193986718,201.0,86.0
2025-03-23T16:06:44.290360,433015409,193988634,2013.0,1916.0
2025-03-23T16:06:45.291498,433015469,193988634,60.0,0.0
2025-03-23T16:06:46.292320,433015469,193988634,0.0,0.0
2025-03-23T16:06:47.293328,433017422,193990550,1953.0,1916.0
2025-03-23T16:06:48.294440,433017482,193990550,60.0,0.0
2025-03-23T16:06:49.295273,433017482,193990550,0.0,0.0
2025-03-23T16:06:50.296892,433019495,193992466,2013.0,1916.0
2025-03-23T16:06:51.298461,433019495,193992466,0.0,0.0
2025-03-23T16:06:52.299434,433019555,193992466,60.0,0.0
2025-03-23T16:06:53.301311,433021508,193994382,1953.0,1916.0
2025-03-23T16:06:54.302444,433021568,193994382,60.0,0.0
2025-03-23T16:06:55.303381,433021568,193994382,0.0,0.0
2025-03-23T16:06:56.304279,433023581,193996298,2013.0,1916.0
2025-03-23T16:06:57.305301,433088126,194002933,64545.0,6635.0
2025-03-23T16:06:58.306299,433088186,194002933,60.0,0.0
2025-03-23T16:06:59.307365,433090139,194004849,1953.0,1916.0
2025-03-23T16:07:00.308412,433090199,194004849,60.0,0.0
2025-03-23T16:07:01.309499,433090199,194004849,0.0,0.0
2025-03-23T16:07:02.310469,433092212,194006765,2013.0,1916.0
2025-03-23T16:07:03.311283,433092347,194006765,135.0,0.0
2025-03-23T16:07:04.312435,433092407,194006765,60.0,0.0
2025-03-23T16:07:05.313324,433094360,194008681,1953.0,1916.0
2025-03-23T16:07:06.314238,433094420,194008681,60.0,0.0
2025-03-23T16:07:07.315294,433094420,194008681,0.0,0.0
2025-03-23T16:07:08.316279,433096600,194010597,2180.0,1916.0
2025-03-23T16:07:09.317945,433096600,194010597,0.0,0.0
2025-03-23T16:07:10.319319,433096660,194010597,60.0,0.0
2025-03-23T16:07:11.320294,433098613,194012513,1953.0,1916.0
2025-03-23T16:07:12.321439,433098673,194012513,60.0,0.0
2025-03-23T16:07:13.322286,433098673,194012513,0.0,0.0
2025-03-23T16:07:14.323218,433102094,194014429,3421.0,1916.0
2025-03-23T16:07:15.324350,433102094,194014429,0.0,0.0
2025-03-23T16:07:16.325274,433102154,194014429,60.0,0.0
2025-03-23T16:07:17.326368,433111477,194019741,9323.0,5312.0
2025-03-23T16:07:18.327363,433125621,194025429,14144.0,5688.0
2025-03-23T16:07:19.328344,433176797,194033624,51176.0,8195.0
