timestamp,rx_bytes,tx_bytes,rx_rate_bps,tx_rate_bps
2025-03-22T23:15:29.811790,304002731,134287097,1876.0,1916.0
2025-03-22T23:15:30.813976,304002731,134287097,0.0,0.0
2025-03-22T23:15:31.816186,304002731,134287097,0.0,0.0
2025-03-22T23:15:32.818071,304004607,134289013,1876.0,1916.0
2025-03-22T23:15:33.819369,304004607,134289013,0.0,0.0
2025-03-22T23:15:34.820440,304004607,134289013,0.0,0.0
2025-03-22T23:15:35.821406,304006483,134290929,1876.0,1916.0
2025-03-22T23:15:36.822425,304006483,134290929,0.0,0.0
2025-03-22T23:15:37.823423,304006549,134291015,66.0,86.0
2025-03-22T23:15:38.824442,304008425,134292931,1876.0,1916.0
2025-03-22T23:15:39.826290,304028671,134301329,20246.0,8398.0
2025-03-22T23:15:40.828429,304078119,134311106,49448.0,9777.0
2025-03-22T23:15:41.830597,304079995,134313022,1876.0,1916.0
2025-03-22T23:15:42.832832,304080037,134313084,42.0,62.0
2025-03-22T23:15:43.834393,304080037,134313084,0.0,0.0
2025-03-22T23:15:44.836194,304081913,134315000,1876.0,1916.0
2025-03-22T23:15:45.837385,304082357,134315258,444.0,258.0
2025-03-22T23:15:46.838377,304082357,134315258,0.0,0.0
2025-03-22T23:15:47.840184,304084233,134317174,1876.0,1916.0
2025-03-22T23:15:48.841420,304084233,134317174,0.0,0.0
2025-03-22T23:15:49.843255,304084233,134317174,0.0,0.0
2025-03-22T23:15:50.844580,304086109,134319090,1876.0,1916.0
2025-03-22T23:15:51.846408,304086109,134319090,0.0,0.0
2025-03-22T23:15:52.847375,304086109,134319090,0.0,0.0
2025-03-22T23:15:53.848720,304087985,134321006,1876.0,1916.0
2025-03-22T23:15:54.850494,304087985,134321006,0.0,0.0
2025-03-22T23:15:55.852663,304087985,134321006,0.0,0.0
2025-03-22T23:15:56.854841,304092553,134322922,4568.0,1916.0
2025-03-22T23:15:57.857046,304092553,134322922,0.0,0.0
2025-03-22T23:15:58.859253,304092553,134322922,0.0,0.0
2025-03-22T23:15:59.861430,304102619,134328031,10066.0,5109.0
2025-03-22T23:16:00.863320,304102661,134328031,42.0,0.0
2025-03-22T23:16:01.865145,304105395,134328031,2734.0,0.0
2025-03-22T23:16:02.866952,304110005,134329947,4610.0,1916.0
2025-03-22T23:16:03.868588,304112739,134329947,2734.0,0.0
2025-03-22T23:16:04.870384,304113003,134330119,264.0,172.0
2025-03-22T23:16:05.871719,304120817,134332035,7814.0,1916.0
2025-03-22T23:16:06.873971,304124985,134332035,4168.0,0.0
2025-03-22T23:16:07.876205,304125027,134332035,42.0,0.0
2025-03-22T23:16:08.878395,304126903,134333951,1876.0,1916.0
2025-03-22T23:16:09.880566,304126945,134333951,42.0,0.0
2025-03-22T23:16:10.881388,304126987,134333951,42.0,0.0
2025-03-22T23:16:11.885601,304131597,134335867,4610.0,1916.0
2025-03-22T23:16:12.887416,304131639,134335867,42.0,0.0
2025-03-22T23:16:13.888388,304131681,134335867,42.0,0.0
2025-03-22T23:16:14.889378,304133599,134337783,1918.0,1916.0
2025-03-22T23:16:15.890386,304133641,134337783,42.0,0.0
2025-03-22T23:16:16.891393,304133683,134337783,42.0,0.0
2025-03-22T23:16:17.893194,304135601,134339699,1918.0,1916.0
2025-03-22T23:16:18.895188,304135643,134339699,42.0,0.0
2025-03-22T23:16:19.897030,304135685,134339699,42.0,0.0
2025-03-22T23:16:20.898964,304137603,134341615,1918.0,1916.0
2025-03-22T23:16:21.900821,304137645,134341615,42.0,0.0
2025-03-22T23:16:22.902541,304138104,134341971,459.0,356.0
2025-03-22T23:16:23.904304,304140022,134343887,1918.0,1916.0
2025-03-22T23:16:24.906104,304140064,134343887,42.0,0.0
2025-03-22T23:16:25.907409,304140106,134343887,42.0,0.0
2025-03-22T23:16:26.909347,304142024,134345803,1918.0,1916.0
2025-03-22T23:16:27.910390,304142108,134345865,84.0,62.0
2025-03-22T23:16:28.911762,304142150,134345865,42.0,0.0
2025-03-22T23:16:29.913442,304144068,134347781,1918.0,1916.0
2025-03-22T23:16:30.915620,304144068,134347781,0.0,0.0
2025-03-22T23:16:31.917622,304144110,134347781,42.0,0.0
2025-03-22T23:16:32.919781,304146028,134349697,1918.0,1916.0
2025-03-22T23:16:33.921654,304146070,134349697,42.0,0.0
2025-03-22T23:16:34.923440,304146112,134349697,42.0,0.0
2025-03-22T23:16:35.924416,304148030,134351613,1918.0,1916.0
2025-03-22T23:16:36.925561,304148114,134351613,84.0,0.0
2025-03-22T23:16:37.927454,304148156,134351613,42.0,0.0
2025-03-22T23:16:38.928399,304150074,134353529,1918.0,1916.0
2025-03-22T23:16:39.930422,304150116,134353529,42.0,0.0
2025-03-22T23:16:40.932607,304150158,134353529,42.0,0.0
2025-03-22T23:16:41.934867,304172280,134363757,22122.0,10228.0
2025-03-22T23:16:42.936398,304185541,134370033,13261.0,6276.0
2025-03-22T23:16:43.937410,304221770,134372588,36229.0,2555.0
2025-03-22T23:16:44.938363,304223688,134374504,1918.0,1916.0
2025-03-22T23:16:45.939420,304223730,134374504,42.0,0.0
2025-03-22T23:16:46.941578,304223772,134374504,42.0,0.0
2025-03-22T23:16:47.943403,304225690,134376420,1918.0,1916.0
2025-03-22T23:16:48.944465,304226176,134376678,486.0,258.0
2025-03-22T23:16:49.945393,304226218,134376678,42.0,0.0
2025-03-22T23:16:50.946388,304228136,134378594,1918.0,1916.0
2025-03-22T23:16:51.948242,304228282,134378594,146.0,0.0
2025-03-22T23:16:52.950055,304228282,134378594,0.0,0.0
2025-03-22T23:16:53.951889,304230254,134380510,1972.0,1916.0
2025-03-22T23:16:54.953669,304230296,134380510,42.0,0.0
2025-03-22T23:16:55.955513,304230338,134380510,42.0,0.0
2025-03-22T23:16:56.957360,304232310,134382426,1972.0,1916.0
2025-03-22T23:16:57.959170,304232352,134382508,42.0,82.0
2025-03-22T23:16:58.960987,304232394,134382508,42.0,0.0
2025-03-22T23:16:59.962444,304242460,134387617,10066.0,5109.0
2025-03-22T23:17:00.963610,304242502,134387617,42.0,0.0
2025-03-22T23:17:01.965452,304242544,134387617,42.0,0.0
2025-03-22T23:17:02.967627,304244462,134389533,1918.0,1916.0
2025-03-22T23:17:03.969927,304244504,134389533,42.0,0.0
2025-03-22T23:17:04.972156,304244810,134389767,306.0,234.0
2025-03-22T23:17:05.974375,304246728,134391683,1918.0,1916.0
2025-03-22T23:17:06.976516,304246770,134391683,42.0,0.0
2025-03-22T23:17:07.977442,304246812,134391683,42.0,0.0
2025-03-22T23:17:08.978444,304248730,134393599,1918.0,1916.0
2025-03-22T23:17:09.979398,304248772,134393599,42.0,0.0
2025-03-22T23:17:10.980422,304248814,134393599,42.0,0.0
2025-03-22T23:17:11.981491,304250732,134395515,1918.0,1916.0
2025-03-22T23:17:12.983753,304250774,134395515,42.0,0.0
2025-03-22T23:17:13.986351,304250816,134395515,42.0,0.0
2025-03-22T23:17:14.987766,304252692,134397431,1876.0,1916.0
2025-03-22T23:17:15.989385,304252734,134397431,42.0,0.0
2025-03-22T23:17:16.990510,304252776,134397431,42.0,0.0
2025-03-22T23:17:17.991445,304254694,134399347,1918.0,1916.0
2025-03-22T23:17:18.992394,304254736,134399347,42.0,0.0
2025-03-22T23:17:19.993382,304254778,134399347,42.0,0.0
2025-03-22T23:17:20.994504,304256696,134401263,1918.0,1916.0
2025-03-22T23:17:21.995575,304256738,134401263,42.0,0.0
2025-03-22T23:17:22.996552,304256780,134401263,42.0,0.0
2025-03-22T23:17:23.997445,304258698,134403179,1918.0,1916.0
2025-03-22T23:17:24.999607,304258740,134403179,42.0,0.0
2025-03-22T23:17:26.001561,304261356,134405889,2616.0,2710.0
2025-03-22T23:17:27.003606,304262186,134406539,830.0,650.0
2025-03-22T23:17:28.005848,304262228,134406539,42.0,0.0
2025-03-22T23:17:29.007341,304262270,134406539,42.0,0.0
