timestamp,rx_bytes,tx_bytes,rx_rate_bps,tx_rate_bps
2025-03-24T05:12:58.693917,517369852,239756608,1918.0,1916.0
2025-03-24T05:12:59.695458,517377830,239759447,7978.0,2839.0
2025-03-24T05:13:00.696510,517377830,239759447,0.0,0.0
2025-03-24T05:13:01.698310,517379706,239761363,1876.0,1916.0
2025-03-24T05:13:02.699452,517379706,239761363,0.0,0.0
2025-03-24T05:13:03.701609,517379706,239761363,0.0,0.0
2025-03-24T05:13:04.703864,517381804,239763451,2098.0,2088.0
2025-03-24T05:13:05.705588,517381804,239763451,0.0,0.0
2025-03-24T05:13:06.707959,517381804,239763451,0.0,0.0
2025-03-24T05:13:07.709403,517383680,239765367,1876.0,1916.0
2025-03-24T05:13:08.711248,517383680,239765367,0.0,0.0
2025-03-24T05:13:09.712972,517383680,239765367,0.0,0.0
2025-03-24T05:13:10.714652,517385556,239767283,1876.0,1916.0
2025-03-24T05:13:11.716444,517385556,239767283,0.0,0.0
2025-03-24T05:13:12.717437,517385556,239767283,0.0,0.0
2025-03-24T05:13:13.719786,517387432,239769199,1876.0,1916.0
2025-03-24T05:13:14.722013,517387432,239769199,0.0,0.0
2025-03-24T05:13:15.723901,517387474,239769199,42.0,0.0
2025-03-24T05:13:16.726124,517389350,239771115,1876.0,1916.0
2025-03-24T05:13:17.727968,517389350,239771115,0.0,0.0
2025-03-24T05:13:18.729426,517389350,239771115,0.0,0.0
2025-03-24T05:13:19.731576,517391226,239773031,1876.0,1916.0
2025-03-24T05:13:20.732309,517391226,239773031,0.0,0.0
2025-03-24T05:13:21.733415,517391226,239773031,0.0,0.0
2025-03-24T05:13:22.734406,517393102,239774947,1876.0,1916.0
2025-03-24T05:13:23.735332,517393102,239774947,0.0,0.0
2025-03-24T05:13:24.736575,517393102,239774947,0.0,0.0
2025-03-24T05:13:25.738613,517394978,239776863,1876.0,1916.0
2025-03-24T05:13:26.740443,517394978,239776863,0.0,0.0
2025-03-24T05:13:27.742309,517394978,239776863,0.0,0.0
2025-03-24T05:13:28.743456,517396854,239778779,1876.0,1916.0
2025-03-24T05:13:29.745833,517396854,239778779,0.0,0.0
2025-03-24T05:13:30.747381,517396854,239778779,0.0,0.0
2025-03-24T05:13:31.748358,517398730,239780695,1876.0,1916.0
2025-03-24T05:13:32.749378,517398730,239780695,0.0,0.0
2025-03-24T05:13:33.750449,517398730,239780695,0.0,0.0
2025-03-24T05:13:34.752480,517400606,239782611,1876.0,1916.0
2025-03-24T05:13:35.753413,517400606,239782611,0.0,0.0
2025-03-24T05:13:36.754443,517400606,239782611,0.0,0.0
2025-03-24T05:13:37.756374,517402482,239784527,1876.0,1916.0
2025-03-24T05:13:38.757414,517402482,239784527,0.0,0.0
2025-03-24T05:13:39.759442,517423808,239793083,21326.0,8556.0
2025-03-24T05:13:40.760389,517473486,239802276,49678.0,9193.0
2025-03-24T05:13:41.761381,517473486,239802276,0.0,0.0
2025-03-24T05:13:42.762615,517473552,239802362,66.0,86.0
2025-03-24T05:13:43.764432,517475428,239804278,1876.0,1916.0
2025-03-24T05:13:44.765617,517475470,239804340,42.0,62.0
2025-03-24T05:13:45.767906,517475914,239804598,444.0,258.0
2025-03-24T05:13:46.769457,517477790,239806514,1876.0,1916.0
2025-03-24T05:13:47.771616,517477790,239806514,0.0,0.0
2025-03-24T05:13:48.773620,517477790,239806514,0.0,0.0
2025-03-24T05:13:49.775543,517479666,239808430,1876.0,1916.0
2025-03-24T05:13:50.777283,517479666,239808430,0.0,0.0
2025-03-24T05:13:51.779015,517479666,239808430,0.0,0.0
2025-03-24T05:13:52.780405,517481542,239810346,1876.0,1916.0
2025-03-24T05:13:53.781537,517481542,239810346,0.0,0.0
2025-03-24T05:13:54.782547,517481542,239810346,0.0,0.0
2025-03-24T05:13:55.784734,517483418,239812262,1876.0,1916.0
2025-03-24T05:13:56.786509,517483418,239812262,0.0,0.0
2025-03-24T05:13:57.788774,517483418,239812262,0.0,0.0
2025-03-24T05:13:58.790976,517485294,239814178,1876.0,1916.0
2025-03-24T05:13:59.793007,517493272,239817017,7978.0,2839.0
2025-03-24T05:14:00.794941,517493272,239817017,0.0,0.0
2025-03-24T05:14:01.796760,517495148,239818933,1876.0,1916.0
2025-03-24T05:14:02.798542,517495148,239818933,0.0,0.0
2025-03-24T05:14:03.799445,517495148,239818933,0.0,0.0
2025-03-24T05:14:04.801761,517497246,239821021,2098.0,2088.0
2025-03-24T05:14:05.803435,517499227,239821021,1981.0,0.0
2025-03-24T05:14:06.805275,517507268,239821021,8041.0,0.0
2025-03-24T05:14:07.807441,517509144,239822937,1876.0,1916.0
2025-03-24T05:14:08.808424,517509144,239822937,0.0,0.0
2025-03-24T05:14:09.810404,517509144,239822937,0.0,0.0
2025-03-24T05:14:10.811383,517511020,239824853,1876.0,1916.0
2025-03-24T05:14:11.812337,517511020,239824853,0.0,0.0
2025-03-24T05:14:12.813426,517511020,239824853,0.0,0.0
2025-03-24T05:14:13.814610,517512896,239826769,1876.0,1916.0
2025-03-24T05:14:14.816453,517513262,239827242,366.0,473.0
2025-03-24T05:14:15.817884,517513645,239827414,383.0,172.0
2025-03-24T05:14:16.819430,517515521,239829330,1876.0,1916.0
2025-03-24T05:14:17.821265,517515521,239829330,0.0,0.0
2025-03-24T05:14:18.822557,517515521,239829330,0.0,0.0
2025-03-24T05:14:19.824756,517517397,239831246,1876.0,1916.0
2025-03-24T05:14:20.826416,517517397,239831246,0.0,0.0
2025-03-24T05:14:21.827395,517517397,239831246,0.0,0.0
2025-03-24T05:14:22.829193,517519273,239833162,1876.0,1916.0
2025-03-24T05:14:23.831205,517519273,239833162,0.0,0.0
2025-03-24T05:14:24.833370,517519600,239833334,327.0,172.0
2025-03-24T05:14:25.834405,517521476,239835250,1876.0,1916.0
2025-03-24T05:14:26.836198,517521476,239835250,0.0,0.0
2025-03-24T05:14:27.838324,517521476,239835250,0.0,0.0
2025-03-24T05:14:28.840146,517523394,239837166,1918.0,1916.0
2025-03-24T05:14:29.841999,517531387,239839957,7993.0,2791.0
2025-03-24T05:14:30.843856,517531387,239839957,0.0,0.0
2025-03-24T05:14:31.845850,517533263,239841873,1876.0,1916.0
2025-03-24T05:14:32.847393,517533263,239841873,0.0,0.0
2025-03-24T05:14:33.848448,517533263,239841873,0.0,0.0
2025-03-24T05:14:34.850661,517535403,239844023,2140.0,2150.0
2025-03-24T05:14:35.852327,517535403,239844023,0.0,0.0
2025-03-24T05:14:36.853592,517535403,239844023,0.0,0.0
2025-03-24T05:14:37.855859,517537279,239845939,1876.0,1916.0
2025-03-24T05:14:38.857934,517537279,239845939,0.0,0.0
2025-03-24T05:14:39.859792,517537279,239845939,0.0,0.0
2025-03-24T05:14:40.861588,517539155,239847855,1876.0,1916.0
2025-03-24T05:14:41.863568,517562390,239857791,23235.0,9936.0
2025-03-24T05:14:42.864333,517608628,239863329,46238.0,5538.0
2025-03-24T05:14:43.866130,517610504,239865245,1876.0,1916.0
2025-03-24T05:14:44.867428,517610504,239865245,0.0,0.0
2025-03-24T05:14:45.869510,517610504,239865245,0.0,0.0
2025-03-24T05:14:46.870585,517612380,239867161,1876.0,1916.0
2025-03-24T05:14:47.872460,517612824,239867505,444.0,344.0
2025-03-24T05:14:48.874468,517612874,239867505,50.0,0.0
2025-03-24T05:14:49.876508,517614804,239869421,1930.0,1916.0
2025-03-24T05:14:50.878358,517614804,239869421,0.0,0.0
2025-03-24T05:14:51.880186,517614804,239869503,0.0,82.0
2025-03-24T05:14:52.881397,517616680,239871419,1876.0,1916.0
2025-03-24T05:14:53.882408,517616680,239871419,0.0,0.0
2025-03-24T05:14:54.883455,517617208,239871947,528.0,528.0
2025-03-24T05:14:55.885292,517620054,239874779,2846.0,2832.0
2025-03-24T05:14:56.887112,517620054,239874779,0.0,0.0
2025-03-24T05:14:57.888740,517620054,239874779,0.0,0.0
