timestamp,rx_bytes,tx_bytes,rx_rate_bps,tx_rate_bps
2025-04-09T03:32:22.419702,494558430,277689829,3960.0,3970.0
2025-04-09T03:32:23.421476,494558656,277690037,226.0,208.0
2025-04-09T03:32:24.423351,494558656,277690037,0.0,0.0
2025-04-09T03:32:25.425375,494562436,277693835,3780.0,3798.0
2025-04-09T03:32:26.427817,494562436,277693835,0.0,0.0
2025-04-09T03:32:27.429975,494562436,277693835,0.0,0.0
2025-04-09T03:32:28.431848,494566174,277697633,3738.0,3798.0
2025-04-09T03:32:29.433507,494566241,277697724,67.0,91.0
2025-04-09T03:32:30.434684,494566241,277697724,0.0,0.0
2025-04-09T03:32:31.436485,494570021,277701584,3780.0,3860.0
2025-04-09T03:32:32.437521,494570021,277701584,0.0,0.0
2025-04-09T03:32:33.438521,494570021,277701584,0.0,0.0
2025-04-09T03:32:34.440514,494573759,277705382,3738.0,3798.0
2025-04-09T03:32:35.442426,494573759,277705382,0.0,0.0
2025-04-09T03:32:36.444285,494574147,277705841,388.0,459.0
2025-04-09T03:32:37.446480,494578086,277709912,3939.0,4071.0
2025-04-09T03:32:38.448453,494578153,277710003,67.0,91.0
2025-04-09T03:32:39.449594,494578153,277710003,0.0,0.0
2025-04-09T03:32:40.450500,494582000,277713892,3847.0,3889.0
2025-04-09T03:32:41.451494,494582000,277713892,0.0,0.0
2025-04-09T03:32:42.452644,494582000,277713892,0.0,0.0
2025-04-09T03:32:43.454461,494585917,277717781,3917.0,3889.0
2025-04-09T03:32:44.455666,494585917,277717781,0.0,0.0
2025-04-09T03:32:45.457636,494585917,277717781,0.0,0.0
2025-04-09T03:32:46.458489,494589655,277721579,3738.0,3798.0
2025-04-09T03:32:47.459900,494589755,277721579,100.0,0.0
2025-04-09T03:32:48.462026,494590014,277721696,259.0,117.0
2025-04-09T03:32:49.463683,494593818,277725671,3804.0,3975.0
2025-04-09T03:32:50.465506,494593885,277725671,67.0,0.0
2025-04-09T03:32:51.466682,494594017,277725843,132.0,172.0
2025-04-09T03:32:52.468501,494597755,277729723,3738.0,3880.0
2025-04-09T03:32:53.470477,494597843,277729785,88.0,62.0
2025-04-09T03:32:54.472729,494597843,277729785,0.0,0.0
2025-04-09T03:32:55.474978,494601581,277733583,3738.0,3798.0
2025-04-09T03:32:56.476978,494601902,277733951,321.0,368.0
2025-04-09T03:32:57.479251,494602103,277734224,201.0,273.0
2025-04-09T03:32:58.481559,494605975,277738204,3872.0,3980.0
2025-04-09T03:32:59.484047,494605975,277738204,0.0,0.0
2025-04-09T03:33:00.486472,494606042,277738295,67.0,91.0
2025-04-09T03:33:01.488082,494609780,277742093,3738.0,3798.0
2025-04-09T03:33:02.490296,494609780,277742093,0.0,0.0
2025-04-09T03:33:03.492314,494609981,277742361,201.0,268.0
2025-04-09T03:33:04.494568,494620600,277753357,10619.0,10996.0
2025-04-09T03:33:05.496873,494640530,277760993,19930.0,7636.0
2025-04-09T03:33:06.498999,494689774,277769322,49244.0,8329.0
2025-04-09T03:33:07.501347,494693512,277773120,3738.0,3798.0
2025-04-09T03:33:08.502834,494693512,277773120,0.0,0.0
2025-04-09T03:33:09.505171,494693512,277773120,0.0,0.0
2025-04-09T03:33:10.507406,494697318,277777009,3806.0,3889.0
2025-04-09T03:33:11.509746,494697762,277777267,444.0,258.0
2025-04-09T03:33:12.511884,494697762,277777267,0.0,0.0
2025-04-09T03:33:13.514297,494701659,277781182,3897.0,3915.0
2025-04-09T03:33:14.516600,494701659,277781182,0.0,0.0
2025-04-09T03:33:15.519022,494701659,277781182,0.0,0.0
2025-04-09T03:33:16.521178,494705693,277785319,4034.0,4137.0
2025-04-09T03:33:17.523551,494713947,277788530,8254.0,3211.0
2025-04-09T03:33:18.526006,494714014,277788621,67.0,91.0
2025-04-09T03:33:19.528415,494717819,277792510,3805.0,3889.0
2025-04-09T03:33:20.530608,494717886,277792601,67.0,91.0
2025-04-09T03:33:21.532539,494717886,277792601,0.0,0.0
2025-04-09T03:33:22.533608,494721846,277796571,3960.0,3970.0
2025-04-09T03:33:23.535471,494721846,277796571,0.0,0.0
2025-04-09T03:33:24.536664,494721913,277796662,67.0,91.0
2025-04-09T03:33:25.538628,494725651,277800460,3738.0,3798.0
2025-04-09T03:33:26.540457,494725651,277800460,0.0,0.0
2025-04-09T03:33:27.541446,494725651,277800460,0.0,0.0
2025-04-09T03:33:28.542636,494729389,277804258,3738.0,3798.0
2025-04-09T03:33:29.543740,494729389,277804258,0.0,0.0
2025-04-09T03:33:30.545724,494729456,277804349,67.0,91.0
2025-04-09T03:33:31.547540,494733194,277808147,3738.0,3798.0
2025-04-09T03:33:32.548527,494733194,277808147,0.0,0.0
2025-04-09T03:33:33.549511,494733194,277808147,0.0,0.0
2025-04-09T03:33:34.550540,494736932,277811945,3738.0,3798.0
2025-04-09T03:33:35.551505,494736932,277811945,0.0,0.0
2025-04-09T03:33:36.553397,494737250,277812298,318.0,353.0
2025-04-09T03:33:37.554559,494741256,277816460,4006.0,4162.0
2025-04-09T03:33:38.555513,494741616,277816850,360.0,390.0
2025-04-09T03:33:39.556517,494741973,277816941,357.0,91.0
2025-04-09T03:33:40.557499,494745883,277820739,3910.0,3798.0
2025-04-09T03:33:41.558665,494746539,277820892,656.0,153.0
2025-04-09T03:33:42.560481,494746539,277820892,0.0,0.0
2025-04-09T03:33:43.561722,494750843,277824690,4304.0,3798.0
2025-04-09T03:33:44.563577,494750910,277825016,67.0,326.0
2025-04-09T03:33:45.564518,494750910,277825251,0.0,235.0
2025-04-09T03:33:46.565515,494754648,277829284,3738.0,4033.0
2025-04-09T03:33:47.566743,494754648,277829519,0.0,235.0
2025-04-09T03:33:48.568692,494754714,277829605,66.0,86.0
2025-04-09T03:33:49.570504,494758452,277833403,3738.0,3798.0
2025-04-09T03:33:50.571554,494773598,277855244,15146.0,21841.0
2025-04-09T03:33:51.572581,494773598,277855244,0.0,0.0
2025-04-09T03:33:52.573620,494784227,277866261,10629.0,11017.0
2025-04-09T03:33:53.574287,494784227,277866261,0.0,0.0
2025-04-09T03:33:54.575295,494784227,277866261,0.0,0.0
2025-04-09T03:33:55.576252,494787965,277870059,3738.0,3798.0
2025-04-09T03:33:56.577353,494795922,277876894,7957.0,6835.0
2025-04-09T03:33:57.578500,494796109,277877080,187.0,186.0
2025-04-09T03:33:58.580382,494800115,277881242,4006.0,4162.0
2025-04-09T03:33:59.582268,494800249,277881424,134.0,182.0
2025-04-09T03:34:00.583494,494800316,277881515,67.0,91.0
2025-04-09T03:34:01.584517,494804543,277885780,4227.0,4265.0
2025-04-09T03:34:02.585489,494804543,277885780,0.0,0.0
2025-04-09T03:34:03.586460,494804678,277885959,135.0,179.0
2025-04-09T03:34:04.588265,494808482,277889757,3804.0,3798.0
2025-04-09T03:34:05.590062,494808549,277889848,67.0,91.0
2025-04-09T03:34:06.591890,494818571,277889848,10022.0,0.0
2025-04-09T03:34:07.593592,494843993,277903302,25422.0,13454.0
2025-04-09T03:34:08.595380,494891555,277909807,47562.0,6505.0
2025-04-09T03:34:09.597304,494891609,277909807,54.0,0.0
2025-04-09T03:34:10.598521,494895347,277913605,3738.0,3798.0
2025-04-09T03:34:11.600327,494895468,277913696,121.0,91.0
2025-04-09T03:34:12.601355,494895468,277913696,0.0,0.0
2025-04-09T03:34:13.602479,494899650,277917752,4182.0,4056.0
2025-04-09T03:34:14.603454,494899650,277917752,0.0,0.0
2025-04-09T03:34:15.604389,494899650,277917752,0.0,0.0
2025-04-09T03:34:16.605638,494903388,277921550,3738.0,3798.0
2025-04-09T03:34:17.606329,494911987,277925030,8599.0,3480.0
2025-04-09T03:34:18.608114,494912255,277925394,268.0,364.0
2025-04-09T03:34:19.609918,494919348,277932571,7093.0,7177.0
2025-04-09T03:34:20.611484,494919415,277932662,67.0,91.0
2025-04-09T03:34:21.612470,494919548,277932839,133.0,177.0
