timestamp,rx_bytes,tx_bytes,rx_rate_bps,tx_rate_bps
2025-03-25T01:08:21.571486,812075007,340707331,1876.0,1916.0
2025-03-25T01:08:22.573303,812075007,340707331,0.0,0.0
2025-03-25T01:08:23.574357,812075007,340707331,0.0,0.0
2025-03-25T01:08:24.576088,812076883,340709247,1876.0,1916.0
2025-03-25T01:08:25.577806,812076883,340709247,0.0,0.0
2025-03-25T01:08:26.579513,812076883,340709247,0.0,0.0
2025-03-25T01:08:27.581657,812078759,340711163,1876.0,1916.0
2025-03-25T01:08:28.583461,812078801,340711163,42.0,0.0
2025-03-25T01:08:29.585622,812078843,340711163,42.0,0.0
2025-03-25T01:08:30.587753,812080761,340713079,1918.0,1916.0
2025-03-25T01:08:31.589580,812080761,340713079,0.0,0.0
2025-03-25T01:08:32.591860,812080761,340713079,0.0,0.0
2025-03-25T01:08:33.594122,812082637,340714995,1876.0,1916.0
2025-03-25T01:08:34.596256,812082637,340714995,0.0,0.0
2025-03-25T01:08:35.597398,812082687,340714995,50.0,0.0
2025-03-25T01:08:36.599132,812084563,340716911,1876.0,1916.0
2025-03-25T01:08:37.601030,812084617,340716911,54.0,0.0
2025-03-25T01:08:38.602320,812084671,340716911,54.0,0.0
2025-03-25T01:08:39.604038,812086601,340718827,1930.0,1916.0
2025-03-25T01:08:40.606224,812086601,340718827,0.0,0.0
2025-03-25T01:08:41.608265,812086601,340718827,0.0,0.0
2025-03-25T01:08:42.610354,812088477,340720743,1876.0,1916.0
2025-03-25T01:08:43.611577,812088477,340720743,0.0,0.0
2025-03-25T01:08:44.613621,812088477,340720743,0.0,0.0
2025-03-25T01:08:45.615468,812090353,340722741,1876.0,1998.0
2025-03-25T01:08:46.617600,812090353,340722741,0.0,0.0
2025-03-25T01:08:47.619560,812090353,340722741,0.0,0.0
2025-03-25T01:08:48.620430,812092229,340724657,1876.0,1916.0
2025-03-25T01:08:49.621378,812092229,340724657,0.0,0.0
2025-03-25T01:08:50.623181,812092229,340724657,0.0,0.0
2025-03-25T01:08:51.624924,812094105,340726573,1876.0,1916.0
2025-03-25T01:08:52.626744,812094105,340726573,0.0,0.0
2025-03-25T01:08:53.628576,812094105,340726573,0.0,0.0
2025-03-25T01:08:54.630859,812095981,340728489,1876.0,1916.0
2025-03-25T01:08:55.632398,812095981,340728489,0.0,0.0
2025-03-25T01:08:56.634437,812095981,340728489,0.0,0.0
2025-03-25T01:08:57.635514,812097857,340730405,1876.0,1916.0
2025-03-25T01:08:58.637478,812097857,340730405,0.0,0.0
2025-03-25T01:08:59.638370,812105835,340733244,7978.0,2839.0
2025-03-25T01:09:00.639570,812107711,340735160,1876.0,1916.0
2025-03-25T01:09:01.640531,812107711,340735160,0.0,0.0
2025-03-25T01:09:02.641438,812107711,340735160,0.0,0.0
2025-03-25T01:09:03.643236,812109587,340737076,1876.0,1916.0
2025-03-25T01:09:04.645036,812109851,340737310,264.0,234.0
2025-03-25T01:09:05.647028,812109851,340737310,0.0,0.0
2025-03-25T01:09:06.648969,812111727,340739226,1876.0,1916.0
2025-03-25T01:09:07.650556,812111727,340739226,0.0,0.0
2025-03-25T01:09:08.652496,812111727,340739226,0.0,0.0
2025-03-25T01:09:09.653566,812113603,340741142,1876.0,1916.0
2025-03-25T01:09:10.655462,812113603,340741142,0.0,0.0
2025-03-25T01:09:11.657452,812113603,340741142,0.0,0.0
2025-03-25T01:09:12.658511,812115479,340743058,1876.0,1916.0
2025-03-25T01:09:13.659415,812115479,340743058,0.0,0.0
2025-03-25T01:09:14.661448,812115479,340743058,0.0,0.0
2025-03-25T01:09:15.663560,812117355,340744974,1876.0,1916.0
2025-03-25T01:09:16.664424,812117355,340744974,0.0,0.0
2025-03-25T01:09:17.666244,812117355,340744974,0.0,0.0
2025-03-25T01:09:18.668073,812119231,340746890,1876.0,1916.0
2025-03-25T01:09:19.670085,812119231,340746890,0.0,0.0
2025-03-25T01:09:20.671931,812119231,340746890,0.0,0.0
2025-03-25T01:09:21.674043,812121107,340748806,1876.0,1916.0
2025-03-25T01:09:22.676258,812121107,340748806,0.0,0.0
2025-03-25T01:09:23.678125,812121107,340748806,0.0,0.0
2025-03-25T01:09:24.680319,812122983,340750722,1876.0,1916.0
2025-03-25T01:09:25.681874,812122983,340750722,0.0,0.0
2025-03-25T01:09:26.683426,812122983,340750722,0.0,0.0
2025-03-25T01:09:27.685554,812124859,340752638,1876.0,1916.0
2025-03-25T01:09:28.687758,812124859,340752638,0.0,0.0
2025-03-25T01:09:29.689967,812133302,340755861,8443.0,3223.0
2025-03-25T01:09:30.691833,812135178,340757777,1876.0,1916.0
2025-03-25T01:09:31.693517,812135178,340757777,0.0,0.0
2025-03-25T01:09:32.695509,812135178,340757777,0.0,0.0
2025-03-25T01:09:33.696552,812137054,340759693,1876.0,1916.0
2025-03-25T01:09:34.698584,812137318,340759927,264.0,234.0
2025-03-25T01:09:35.700458,812137318,340759927,0.0,0.0
2025-03-25T01:09:36.702367,812139486,340762057,2168.0,2130.0
2025-03-25T01:09:37.703526,812139943,340762488,457.0,431.0
2025-03-25T01:09:38.704538,812140559,340763446,616.0,958.0
2025-03-25T01:09:39.706746,812141819,340764404,1260.0,958.0
2025-03-25T01:09:40.708665,812141819,340764404,0.0,0.0
2025-03-25T01:09:41.710318,812142757,340765362,938.0,958.0
2025-03-25T01:09:42.711816,812143737,340766382,980.0,1020.0
2025-03-25T01:09:43.713739,812143737,340766382,0.0,0.0
2025-03-25T01:09:44.715559,812144675,340767340,938.0,958.0
2025-03-25T01:09:45.716376,812145613,340768298,938.0,958.0
2025-03-25T01:09:46.718175,812145613,340768298,0.0,0.0
2025-03-25T01:09:47.719344,812146551,340769256,938.0,958.0
2025-03-25T01:09:48.721156,812147489,340770214,938.0,958.0
2025-03-25T01:09:49.722418,812147489,340770214,0.0,0.0
2025-03-25T01:09:50.724563,812148427,340771172,938.0,958.0
2025-03-25T01:09:51.725421,812149365,340772130,938.0,958.0
2025-03-25T01:09:52.726391,812149365,340772130,0.0,0.0
2025-03-25T01:09:53.728542,812150303,340773088,938.0,958.0
2025-03-25T01:09:54.730756,812151241,340774046,938.0,958.0
2025-03-25T01:09:55.732427,812151241,340774046,0.0,0.0
2025-03-25T01:09:56.733560,812152309,340775354,1068.0,1308.0
2025-03-25T01:09:57.736499,812209989,340782753,57680.0,7399.0
2025-03-25T01:09:58.738936,812209989,340782753,0.0,0.0
2025-03-25T01:09:59.740430,812218905,340786550,8916.0,3797.0
2025-03-25T01:10:00.742259,812219843,340787508,938.0,958.0
2025-03-25T01:10:01.744085,812219843,340787508,0.0,0.0
2025-03-25T01:10:02.745908,812220781,340788466,938.0,958.0
2025-03-25T01:10:03.747749,812221719,340789424,938.0,958.0
2025-03-25T01:10:04.749409,812221941,340789596,222.0,172.0
2025-03-25T01:10:05.751581,812223806,340790554,1865.0,958.0
2025-03-25T01:10:06.753363,812233839,340791512,10033.0,958.0
2025-03-25T01:10:07.755198,812233839,340791512,0.0,0.0
2025-03-25T01:10:08.757387,812234777,340792470,938.0,958.0
2025-03-25T01:10:09.759267,812235715,340793428,938.0,958.0
2025-03-25T01:10:10.760589,812235715,340793428,0.0,0.0
2025-03-25T01:10:11.762455,812236653,340794386,938.0,958.0
2025-03-25T01:10:12.764481,812237591,340795344,938.0,958.0
2025-03-25T01:10:13.766432,812237591,340795344,0.0,0.0
2025-03-25T01:10:14.767421,812238529,340796302,938.0,958.0
2025-03-25T01:10:15.768390,812239467,340797260,938.0,958.0
2025-03-25T01:10:16.770229,812239467,340797260,0.0,0.0
2025-03-25T01:10:17.772013,812240405,340798218,938.0,958.0
2025-03-25T01:10:18.773838,812243095,340800928,2690.0,2710.0
2025-03-25T01:10:19.775416,812243095,340800928,0.0,0.0
2025-03-25T01:10:20.776365,812243725,340801578,630.0,650.0
