timestamp,rx_bytes,tx_bytes,rx_rate_bps,tx_rate_bps
2025-03-24T21:42:53.022512,790600869,328635077,1953.0,1916.0
2025-03-24T21:42:54.024496,790600929,328635077,60.0,0.0
2025-03-24T21:42:55.025539,790600929,328635077,0.0,0.0
2025-03-24T21:42:56.026301,790602942,328636993,2013.0,1916.0
2025-03-24T21:42:57.027288,790602942,328636993,0.0,0.0
2025-03-24T21:42:58.029349,790603002,328636993,60.0,0.0
2025-03-24T21:42:59.030358,790604955,328638909,1953.0,1916.0
2025-03-24T21:43:00.032365,790612993,328641808,8038.0,2899.0
2025-03-24T21:43:01.033360,790612993,328641808,0.0,0.0
2025-03-24T21:43:02.035634,790615006,328643724,2013.0,1916.0
2025-03-24T21:43:03.037800,790615006,328643724,0.0,0.0
2025-03-24T21:43:04.039424,790615066,328643724,60.0,0.0
2025-03-24T21:43:05.040393,790617307,328645972,2241.0,2248.0
2025-03-24T21:43:06.041382,790617367,328645972,60.0,0.0
2025-03-24T21:43:07.043160,790617409,328646034,42.0,62.0
2025-03-24T21:43:08.045365,790619362,328647950,1953.0,1916.0
2025-03-24T21:43:09.046395,790619422,328647950,60.0,0.0
2025-03-24T21:43:10.048566,790619422,328647950,0.0,0.0
2025-03-24T21:43:11.049431,790621435,328649866,2013.0,1916.0
2025-03-24T21:43:12.051594,790621435,328649866,0.0,0.0
2025-03-24T21:43:13.053858,790621495,328649866,60.0,0.0
2025-03-24T21:43:14.055636,790622804,328651782,1309.0,1916.0
2025-03-24T21:43:15.057382,790622864,328651782,60.0,0.0
2025-03-24T21:43:16.059101,790622864,328651782,0.0,0.0
2025-03-24T21:43:17.061100,790625521,328653698,2657.0,1916.0
2025-03-24T21:43:18.062425,790625521,328653698,0.0,0.0
2025-03-24T21:43:19.064597,790625581,328653698,60.0,0.0
2025-03-24T21:43:20.066877,790627534,328655614,1953.0,1916.0
2025-03-24T21:43:21.068420,790627594,328655614,60.0,0.0
2025-03-24T21:43:22.070317,790627594,328655614,0.0,0.0
2025-03-24T21:43:23.071390,790629607,328657530,2013.0,1916.0
2025-03-24T21:43:24.072375,790629607,328657530,0.0,0.0
2025-03-24T21:43:25.073409,790629667,328657530,60.0,0.0
2025-03-24T21:43:26.074366,790631620,328659446,1953.0,1916.0
2025-03-24T21:43:27.075568,790631680,328659446,60.0,0.0
2025-03-24T21:43:28.076438,790631680,328659446,0.0,0.0
2025-03-24T21:43:29.078289,790633633,328661362,1953.0,1916.0
2025-03-24T21:43:30.080614,790633693,328661362,60.0,0.0
2025-03-24T21:43:31.082445,790633693,328661362,0.0,0.0
2025-03-24T21:43:32.083446,790635706,328663278,2013.0,1916.0
2025-03-24T21:43:33.084496,790635706,328663278,0.0,0.0
2025-03-24T21:43:34.085388,790635766,328663278,60.0,0.0
2025-03-24T21:43:35.087166,790637719,328665194,1953.0,1916.0
2025-03-24T21:43:36.088921,790652186,328670926,14467.0,5732.0
2025-03-24T21:43:37.090582,790663851,328675656,11665.0,4730.0
2025-03-24T21:43:38.092450,790708704,328683015,44853.0,7359.0
2025-03-24T21:43:39.094443,790708704,328683015,0.0,0.0
2025-03-24T21:43:40.095524,790708764,328683015,60.0,0.0
2025-03-24T21:43:41.096380,790710759,328684993,1995.0,1978.0
2025-03-24T21:43:42.097529,790710819,328684993,60.0,0.0
2025-03-24T21:43:43.098388,790711263,328685165,444.0,172.0
2025-03-24T21:43:44.099360,790713276,328687081,2013.0,1916.0
2025-03-24T21:43:45.100315,790713276,328687081,0.0,0.0
2025-03-24T21:43:46.102130,790713336,328687081,60.0,0.0
2025-03-24T21:43:47.103584,790715289,328688997,1953.0,1916.0
2025-03-24T21:43:48.104557,790715289,328688997,0.0,0.0
2025-03-24T21:43:49.105462,790715391,328688997,102.0,0.0
2025-03-24T21:43:50.107827,790717344,328690913,1953.0,1916.0
2025-03-24T21:43:51.109867,790717404,328690913,60.0,0.0
2025-03-24T21:43:52.112079,790717404,328690913,0.0,0.0
2025-03-24T21:43:53.113921,790719357,328692829,1953.0,1916.0
2025-03-24T21:43:54.115386,790719357,328692829,0.0,0.0
2025-03-24T21:43:55.117159,790719417,328692829,60.0,0.0
2025-03-24T21:43:56.119052,790721370,328694745,1953.0,1916.0
2025-03-24T21:43:57.121202,790721430,328694745,60.0,0.0
2025-03-24T21:43:58.122418,790721430,328694745,0.0,0.0
2025-03-24T21:43:59.124654,790723443,328696661,2013.0,1916.0
2025-03-24T21:44:00.126748,790731421,328699500,7978.0,2839.0
2025-03-24T21:44:01.128433,790733803,328699500,2382.0,0.0
2025-03-24T21:44:02.130600,790741141,328701416,7338.0,1916.0
2025-03-24T21:44:03.132451,790741201,328701416,60.0,0.0
2025-03-24T21:44:04.134265,790741201,328701416,0.0,0.0
2025-03-24T21:44:05.136149,790743478,328703504,2277.0,2088.0
2025-03-24T21:44:06.138006,790752002,328703504,8524.0,0.0
2025-03-24T21:44:07.140217,790752002,328703504,0.0,0.0
2025-03-24T21:44:08.141396,790754015,328705420,2013.0,1916.0
2025-03-24T21:44:09.143585,790754015,328705420,0.0,0.0
2025-03-24T21:44:10.145961,790754117,328705482,102.0,62.0
2025-03-24T21:44:11.147392,790756070,328707398,1953.0,1916.0
2025-03-24T21:44:12.148419,790756130,328707398,60.0,0.0
2025-03-24T21:44:13.149377,790756130,328707398,0.0,0.0
2025-03-24T21:44:14.150345,790758509,328709787,2379.0,2389.0
2025-03-24T21:44:15.152236,790758896,328709959,387.0,172.0
2025-03-24T21:44:16.153305,790758896,328709959,0.0,0.0
2025-03-24T21:44:17.155433,790760849,328711875,1953.0,1916.0
2025-03-24T21:44:18.156405,790760909,328711875,60.0,0.0
2025-03-24T21:44:19.158455,790760909,328711875,0.0,0.0
2025-03-24T21:44:20.159425,790762922,328713791,2013.0,1916.0
2025-03-24T21:44:21.161597,790762922,328713791,0.0,0.0
2025-03-24T21:44:22.163868,790762982,328713791,60.0,0.0
2025-03-24T21:44:23.165519,790764858,328715707,1876.0,1916.0
2025-03-24T21:44:24.166319,790764918,328715707,60.0,0.0
2025-03-24T21:44:25.167322,790764968,328715707,50.0,0.0
2025-03-24T21:44:26.168316,790766963,328717623,1995.0,1916.0
2025-03-24T21:44:27.169570,790767119,328717623,156.0,0.0
2025-03-24T21:44:28.170566,790824006,328724292,56887.0,6669.0
2025-03-24T21:44:29.172636,790826019,328726302,2013.0,2010.0
2025-03-24T21:44:30.174487,790833855,328729012,7836.0,2710.0
2025-03-24T21:44:31.176631,790833969,328729012,114.0,0.0
2025-03-24T21:44:32.178892,790835976,328730928,2007.0,1916.0
2025-03-24T21:44:33.180546,790836036,328730928,60.0,0.0
2025-03-24T21:44:34.181300,790836036,328730928,0.0,0.0
2025-03-24T21:44:35.182336,790838271,328733102,2235.0,2174.0
2025-03-24T21:44:36.184224,790838271,328733102,0.0,0.0
2025-03-24T21:44:37.186265,790838968,328733823,697.0,721.0
2025-03-24T21:44:38.188458,790846522,328739795,7554.0,5972.0
2025-03-24T21:44:39.190597,790865158,328747713,18636.0,7918.0
2025-03-24T21:44:40.192430,790872442,328750934,7284.0,3221.0
2025-03-24T21:44:41.194605,790913316,328755321,40874.0,4387.0
2025-03-24T21:44:42.196936,790913316,328755321,0.0,0.0
2025-03-24T21:44:43.198653,790913376,328755321,60.0,0.0
2025-03-24T21:44:44.200397,790915329,328757237,1953.0,1916.0
2025-03-24T21:44:45.201299,790915329,328757237,0.0,0.0
2025-03-24T21:44:46.202294,790915611,328757409,282.0,172.0
2025-03-24T21:44:47.204185,790917606,328759325,1995.0,1916.0
2025-03-24T21:44:48.205437,790917708,328759325,102.0,0.0
2025-03-24T21:44:49.206563,790920482,328762035,2774.0,2710.0
2025-03-24T21:44:50.208754,790921291,328762685,809.0,650.0
2025-03-24T21:44:51.210407,790921333,328762685,42.0,0.0
2025-03-24T21:44:52.211259,790921435,328762685,102.0,0.0
