timestamp,rx_bytes,tx_bytes,rx_rate_bps,tx_rate_bps
2025-04-08T18:19:51.522931,359861022,196843764,3738.0,3798.0
2025-04-08T18:19:52.524566,359861628,196849055,606.0,5291.0
2025-04-08T18:19:53.526609,359906335,196860620,44707.0,11565.0
2025-04-08T18:19:54.527487,359930390,196865020,24055.0,4400.0
2025-04-08T18:19:55.528643,359930390,196865020,0.0,0.0
2025-04-08T18:19:56.531109,359930390,196865020,0.0,0.0
2025-04-08T18:19:57.533685,359934128,196868818,3738.0,3798.0
2025-04-08T18:19:58.535642,359934357,196868935,229.0,117.0
2025-04-08T18:19:59.536498,359934357,196868935,0.0,0.0
2025-04-08T18:20:00.537378,359938282,196872919,3925.0,3984.0
2025-04-08T18:20:01.539259,359938483,196873283,201.0,364.0
2025-04-08T18:20:02.540463,359946555,196881387,8072.0,8104.0
2025-04-08T18:20:03.542238,359950363,196885276,3808.0,3889.0
2025-04-08T18:20:04.543988,359950363,196885276,0.0,0.0
2025-04-08T18:20:05.545567,359950434,196885453,71.0,177.0
2025-04-08T18:20:06.547945,359964260,196889251,13826.0,3798.0
2025-04-08T18:20:07.549810,359964302,196889251,42.0,0.0
2025-04-08T18:20:08.552144,359964373,196889342,71.0,91.0
2025-04-08T18:20:09.554502,359968111,196893140,3738.0,3798.0
2025-04-08T18:20:10.556546,359968111,196893140,0.0,0.0
2025-04-08T18:20:11.558404,359968153,196893202,42.0,62.0
2025-04-08T18:20:12.559916,359971891,196897000,3738.0,3798.0
2025-04-08T18:20:13.561608,359972010,196897000,119.0,0.0
2025-04-08T18:20:14.562732,359972010,196897000,0.0,0.0
2025-04-08T18:20:15.564533,359997465,196910469,25455.0,13469.0
2025-04-08T18:20:16.566516,360045027,196916716,47562.0,6247.0
2025-04-08T18:20:17.568307,360046507,196917840,1480.0,1124.0
2025-04-08T18:20:18.569668,360050377,196921810,3870.0,3970.0
2025-04-08T18:20:19.570505,360050377,196921810,0.0,0.0
2025-04-08T18:20:20.571908,360050377,196921810,0.0,0.0
2025-04-08T18:20:21.573741,360054591,196926057,4214.0,4247.0
2025-04-08T18:20:22.575952,360055081,196926593,490.0,536.0
2025-04-08T18:20:23.577490,360055307,196926801,226.0,208.0
2025-04-08T18:20:24.578464,360059112,196930690,3805.0,3889.0
2025-04-08T18:20:25.580661,360059179,196930781,67.0,91.0
2025-04-08T18:20:26.582875,360059179,196930781,0.0,0.0
2025-04-08T18:20:27.584505,360062917,196934579,3738.0,3798.0
2025-04-08T18:20:28.585481,360062917,196934670,0.0,91.0
2025-04-08T18:20:29.587644,360063094,196934761,177.0,91.0
2025-04-08T18:20:30.589916,360074331,196948066,11237.0,13305.0
2025-04-08T18:20:31.592261,360074575,196948066,244.0,0.0
2025-04-08T18:20:32.593698,360074617,196948066,42.0,0.0
2025-04-08T18:20:33.595446,360078516,196951864,3899.0,3798.0
2025-04-08T18:20:34.597452,360078516,196951864,0.0,0.0
2025-04-08T18:20:35.599212,360078584,196951955,68.0,91.0
2025-04-08T18:20:36.600939,360082322,196955753,3738.0,3798.0
2025-04-08T18:20:37.602516,360082372,196955753,50.0,0.0
2025-04-08T18:20:38.604596,360082418,196955839,46.0,86.0
2025-04-08T18:20:39.606894,360086222,196959637,3804.0,3798.0
2025-04-08T18:20:40.608493,360086276,196959637,54.0,0.0
2025-04-08T18:20:41.609664,360086463,196959823,187.0,186.0
2025-04-08T18:20:42.610684,360090515,196963985,4052.0,4162.0
2025-04-08T18:20:43.612719,360090649,196964167,134.0,182.0
2025-04-08T18:20:44.614395,360101392,196972992,10743.0,8825.0
2025-04-08T18:20:45.615586,360105130,196976790,3738.0,3798.0
2025-04-08T18:20:46.617274,360105293,196976943,163.0,153.0
2025-04-08T18:20:47.619019,360105393,196976943,100.0,0.0
2025-04-08T18:20:48.620916,360109290,196980858,3897.0,3915.0
2025-04-08T18:20:49.622427,360109357,196980949,67.0,91.0
2025-04-08T18:20:50.623543,360110852,196982125,1495.0,1176.0
2025-04-08T18:20:51.625572,360114924,196986287,4072.0,4162.0
2025-04-08T18:20:52.626490,360115058,196986469,134.0,182.0
2025-04-08T18:20:53.627739,360115244,196986560,186.0,91.0
2025-04-08T18:20:54.629656,360118982,196990449,3738.0,3889.0
2025-04-08T18:20:55.631647,360119049,196990449,67.0,0.0
2025-04-08T18:20:56.633505,360119049,196990449,0.0,0.0
2025-04-08T18:20:57.635489,360122787,196994247,3738.0,3798.0
2025-04-08T18:20:58.637526,360122854,196994338,67.0,91.0
2025-04-08T18:20:59.638605,360122854,196994338,0.0,0.0
2025-04-08T18:21:00.639571,360128041,196999273,5187.0,4935.0
2025-04-08T18:21:01.640454,360128151,196999403,110.0,130.0
2025-04-08T18:21:02.642379,360128472,196999862,321.0,459.0
2025-04-08T18:21:03.644153,360132610,197004105,4138.0,4243.0
2025-04-08T18:21:04.645889,360132677,197004196,67.0,91.0
2025-04-08T18:21:05.647375,360132677,197004196,0.0,0.0
2025-04-08T18:21:06.648474,360136482,197008085,3805.0,3889.0
2025-04-08T18:21:07.650473,360136482,197008085,0.0,0.0
2025-04-08T18:21:08.652317,360136482,197008085,0.0,0.0
2025-04-08T18:21:09.653666,360140287,197011974,3805.0,3889.0
2025-04-08T18:21:10.655528,360140287,197011974,0.0,0.0
2025-04-08T18:21:11.656800,360140287,197011974,0.0,0.0
2025-04-08T18:21:12.658490,360144025,197015772,3738.0,3798.0
2025-04-08T18:21:13.659666,360144303,197015889,278.0,117.0
2025-04-08T18:21:14.661631,360144303,197015889,0.0,0.0
2025-04-08T18:21:15.663737,360148371,197020117,4068.0,4228.0
2025-04-08T18:21:16.665640,360148438,197020208,67.0,91.0
2025-04-08T18:21:17.667546,360234099,197046405,85661.0,26197.0
2025-04-08T18:21:18.669316,360276383,197055332,42284.0,8927.0
2025-04-08T18:21:19.670486,360276383,197055332,0.0,0.0
2025-04-08T18:21:20.672302,360277002,197056009,619.0,677.0
2025-04-08T18:21:21.673586,360280860,197059902,3858.0,3893.0
2025-04-08T18:21:22.675508,360281572,197060610,712.0,708.0
2025-04-08T18:21:23.676570,360282544,197061399,972.0,789.0
2025-04-08T18:21:24.677511,360286417,197065379,3873.0,3980.0
2025-04-08T18:21:25.678500,360286417,197065379,0.0,0.0
2025-04-08T18:21:26.679518,360286485,197065470,68.0,91.0
2025-04-08T18:21:27.680654,360290223,197069268,3738.0,3798.0
2025-04-08T18:21:28.681661,360290223,197069268,0.0,0.0
2025-04-08T18:21:29.682652,360290291,197069359,68.0,91.0
2025-04-08T18:21:30.683659,360294029,197073157,3738.0,3798.0
2025-04-08T18:21:31.685969,360294029,197073157,0.0,0.0
2025-04-08T18:21:32.688229,360294141,197073157,112.0,0.0
2025-04-08T18:21:33.690581,360297998,197076955,3857.0,3798.0
2025-04-08T18:21:34.691516,360297998,197076955,0.0,0.0
2025-04-08T18:21:35.692451,360297998,197077046,0.0,91.0
2025-04-08T18:21:36.693450,360301924,197080930,3926.0,3884.0
2025-04-08T18:21:37.694472,360301924,197080930,0.0,0.0
2025-04-08T18:21:38.696369,360301924,197080930,0.0,0.0
2025-04-08T18:21:39.698207,360305821,197084845,3897.0,3915.0
2025-04-08T18:21:40.700063,360305821,197084845,0.0,0.0
2025-04-08T18:21:41.702158,360305821,197084845,0.0,0.0
2025-04-08T18:21:42.703443,360309813,197089011,3992.0,4166.0
2025-04-08T18:21:43.704504,360310081,197089284,268.0,273.0
2025-04-08T18:21:44.706823,360310148,197089610,67.0,326.0
2025-04-08T18:21:45.709223,360313953,197093734,3805.0,4124.0
2025-04-08T18:21:46.711092,360314020,197094060,67.0,326.0
2025-04-08T18:21:47.712646,360316070,197094295,2050.0,235.0
2025-04-08T18:21:48.714490,360327222,197100765,11152.0,6470.0
2025-04-08T18:21:49.716573,360332031,197100856,4809.0,91.0
2025-04-08T18:21:50.717514,360337415,197100856,5384.0,0.0
