timestamp,rx_bytes,tx_bytes,rx_rate_bps,tx_rate_bps
2025-03-24T07:19:06.148475,532007236,247123700,1876.0,1916.0
2025-03-24T07:19:07.149386,532007236,247123700,0.0,0.0
2025-03-24T07:19:08.150340,532007236,247123700,0.0,0.0
2025-03-24T07:19:09.151287,532009112,247125616,1876.0,1916.0
2025-03-24T07:19:10.152616,532009112,247125616,0.0,0.0
2025-03-24T07:19:11.154500,532009112,247125616,0.0,0.0
2025-03-24T07:19:12.156668,532010988,247127532,1876.0,1916.0
2025-03-24T07:19:13.158655,532010988,247127532,0.0,0.0
2025-03-24T07:19:14.160869,532011280,247127746,292.0,214.0
2025-03-24T07:19:15.162442,532013613,247130093,2333.0,2347.0
2025-03-24T07:19:16.164305,532013613,247130093,0.0,0.0
2025-03-24T07:19:17.166477,532013613,247130093,0.0,0.0
2025-03-24T07:19:18.168193,532015489,247132009,1876.0,1916.0
2025-03-24T07:19:19.170146,532015489,247132009,0.0,0.0
2025-03-24T07:19:20.171330,532015489,247132009,0.0,0.0
2025-03-24T07:19:21.172658,532017365,247133925,1876.0,1916.0
2025-03-24T07:19:22.175078,532017365,247133925,0.0,0.0
2025-03-24T07:19:23.177080,532017365,247133925,0.0,0.0
2025-03-24T07:19:24.178503,532019241,247135841,1876.0,1916.0
2025-03-24T07:19:25.180366,532019241,247135841,0.0,0.0
2025-03-24T07:19:26.181571,532019241,247135841,0.0,0.0
2025-03-24T07:19:27.182417,532021117,247137757,1876.0,1916.0
2025-03-24T07:19:28.183559,532021117,247137757,0.0,0.0
2025-03-24T07:19:29.184368,532021191,247138540,74.0,783.0
2025-03-24T07:19:30.186199,532030841,247142331,9650.0,3791.0
2025-03-24T07:19:31.187364,532030841,247142331,0.0,0.0
2025-03-24T07:19:32.188402,532031234,247142687,393.0,356.0
2025-03-24T07:19:33.190405,532033110,247144603,1876.0,1916.0
2025-03-24T07:19:34.192536,532033110,247144603,0.0,0.0
2025-03-24T07:19:35.193424,532033374,247144837,264.0,234.0
2025-03-24T07:19:36.194408,532035250,247146753,1876.0,1916.0
2025-03-24T07:19:37.195396,532035250,247146753,0.0,0.0
2025-03-24T07:19:38.196419,532035250,247146753,0.0,0.0
2025-03-24T07:19:39.197385,532037126,247148669,1876.0,1916.0
2025-03-24T07:19:40.198289,532037126,247148669,0.0,0.0
2025-03-24T07:19:41.199333,532037126,247148669,0.0,0.0
2025-03-24T07:19:42.200395,532039002,247150585,1876.0,1916.0
2025-03-24T07:19:43.201395,532039637,247151296,635.0,711.0
2025-03-24T07:19:44.203442,532065196,247160989,25559.0,9693.0
2025-03-24T07:19:45.204426,532109972,247168128,44776.0,7139.0
2025-03-24T07:19:46.206618,532109972,247168128,0.0,0.0
2025-03-24T07:19:47.208455,532109972,247168128,0.0,0.0
2025-03-24T07:19:48.209599,532111848,247170044,1876.0,1916.0
2025-03-24T07:19:49.211573,532111898,247170044,50.0,0.0
2025-03-24T07:19:50.213380,532112396,247170298,498.0,254.0
2025-03-24T07:19:51.214416,532114272,247172214,1876.0,1916.0
2025-03-24T07:19:52.216516,532114272,247172214,0.0,0.0
2025-03-24T07:19:53.217668,532114272,247172214,0.0,0.0
2025-03-24T07:19:54.219421,532116148,247174130,1876.0,1916.0
2025-03-24T07:19:55.220436,532116202,247174130,54.0,0.0
2025-03-24T07:19:56.221525,532116202,247174130,0.0,0.0
2025-03-24T07:19:57.223386,532118078,247176046,1876.0,1916.0
2025-03-24T07:19:58.224435,532118078,247176046,0.0,0.0
2025-03-24T07:19:59.225588,532124557,247178799,6479.0,2753.0
2025-03-24T07:20:00.227341,532127932,247180801,3375.0,2002.0
2025-03-24T07:20:01.228313,532127932,247180801,0.0,0.0
2025-03-24T07:20:02.229307,532127932,247180801,0.0,0.0
2025-03-24T07:20:03.230304,532129808,247182717,1876.0,1916.0
2025-03-24T07:20:04.231391,532129808,247182717,0.0,0.0
2025-03-24T07:20:05.232596,532130030,247182889,222.0,172.0
2025-03-24T07:20:06.234620,532141928,247184805,11898.0,1916.0
2025-03-24T07:20:07.236526,532141928,247184805,0.0,0.0
2025-03-24T07:20:08.238564,532141928,247184805,0.0,0.0
2025-03-24T07:20:09.240562,532143804,247186721,1876.0,1916.0
2025-03-24T07:20:10.242661,532143804,247186721,0.0,0.0
2025-03-24T07:20:11.244587,532143804,247186721,0.0,0.0
2025-03-24T07:20:12.246590,532145680,247188637,1876.0,1916.0
2025-03-24T07:20:13.248409,532145680,247188637,0.0,0.0
2025-03-24T07:20:14.249371,532145680,247188637,0.0,0.0
2025-03-24T07:20:15.250437,532147556,247190553,1876.0,1916.0
2025-03-24T07:20:16.251615,532147556,247190553,0.0,0.0
2025-03-24T07:20:17.253984,532147556,247190553,0.0,0.0
2025-03-24T07:20:18.256138,532149432,247192469,1876.0,1916.0
2025-03-24T07:20:19.257448,532149432,247192469,0.0,0.0
2025-03-24T07:20:20.258770,532149432,247192469,0.0,0.0
2025-03-24T07:20:21.260986,532151308,247194385,1876.0,1916.0
2025-03-24T07:20:22.262446,532151350,247194385,42.0,0.0
2025-03-24T07:20:23.264345,532151350,247194385,0.0,0.0
2025-03-24T07:20:24.265375,532153226,247196301,1876.0,1916.0
2025-03-24T07:20:25.266354,532153226,247196301,0.0,0.0
2025-03-24T07:20:26.267366,532153226,247196301,0.0,0.0
2025-03-24T07:20:27.268388,532155102,247198217,1876.0,1916.0
2025-03-24T07:20:28.270734,532155102,247198217,0.0,0.0
2025-03-24T07:20:29.272934,532155102,247198217,0.0,0.0
2025-03-24T07:20:30.274457,532156978,247200133,1876.0,1916.0
2025-03-24T07:20:31.276560,532156978,247200133,0.0,0.0
2025-03-24T07:20:32.277410,532156978,247200133,0.0,0.0
2025-03-24T07:20:33.279456,532158854,247202049,1876.0,1916.0
2025-03-24T07:20:34.280320,532158854,247202049,0.0,0.0
2025-03-24T07:20:35.281308,532158854,247202049,0.0,0.0
2025-03-24T07:20:36.282443,532160730,247203965,1876.0,1916.0
2025-03-24T07:20:37.283917,532160730,247203965,0.0,0.0
2025-03-24T07:20:38.285391,532160730,247203965,0.0,0.0
2025-03-24T07:20:39.286412,532162606,247205881,1876.0,1916.0
2025-03-24T07:20:40.287379,532162606,247205881,0.0,0.0
2025-03-24T07:20:41.288567,532162648,247205881,42.0,0.0
2025-03-24T07:20:42.290643,532164566,247207797,1918.0,1916.0
2025-03-24T07:20:43.292380,532164608,247207797,42.0,0.0
2025-03-24T07:20:44.293747,532164692,247207797,84.0,0.0
2025-03-24T07:20:45.295374,532173650,247212776,8958.0,4979.0
2025-03-24T07:20:46.297178,532192804,247220117,19154.0,7341.0
2025-03-24T07:20:47.298388,532235704,247225340,42900.0,5223.0
2025-03-24T07:20:48.299417,532237580,247227256,1876.0,1916.0
2025-03-24T07:20:49.300393,532237580,247227256,0.0,0.0
2025-03-24T07:20:50.302544,532237580,247227256,0.0,0.0
2025-03-24T07:20:51.303383,532239498,247229234,1918.0,1978.0
2025-03-24T07:20:52.305534,532239942,247229492,444.0,258.0
2025-03-24T07:20:53.307572,532240231,247229492,289.0,0.0
2025-03-24T07:20:54.308406,532242107,247231408,1876.0,1916.0
2025-03-24T07:20:55.310590,532242107,247231408,0.0,0.0
2025-03-24T07:20:56.312583,532242107,247231408,0.0,0.0
2025-03-24T07:20:57.314363,532243983,247233324,1876.0,1916.0
2025-03-24T07:20:58.315575,532243983,247233324,0.0,0.0
2025-03-24T07:20:59.317424,532251961,247236077,7978.0,2753.0
2025-03-24T07:21:00.319273,532253837,247238079,1876.0,2002.0
2025-03-24T07:21:01.321131,532253837,247238079,0.0,0.0
2025-03-24T07:21:02.323301,532253837,247238079,0.0,0.0
2025-03-24T07:21:03.324343,532257157,247241439,3320.0,3360.0
2025-03-24T07:21:04.325413,532257157,247241439,0.0,0.0
2025-03-24T07:21:05.326524,532257379,247241611,222.0,172.0
