timestamp,rx_bytes,tx_bytes,rx_rate_bps,tx_rate_bps
2025-03-23T01:32:24.780454,320165169,142643049,1930.0,1916.0
2025-03-23T01:32:25.781408,320165169,142643049,0.0,0.0
2025-03-23T01:32:26.782440,320165269,142643049,100.0,0.0
2025-03-23T01:32:27.783445,320167145,142644965,1876.0,1916.0
2025-03-23T01:32:28.784768,320167145,142644965,0.0,0.0
2025-03-23T01:32:29.786613,320167145,142644965,0.0,0.0
2025-03-23T01:32:30.788071,320169021,142646881,1876.0,1916.0
2025-03-23T01:32:31.789868,320169021,142646881,0.0,0.0
2025-03-23T01:32:32.791421,320169021,142646881,0.0,0.0
2025-03-23T01:32:33.793229,320170897,142648797,1876.0,1916.0
2025-03-23T01:32:34.794370,320170897,142648797,0.0,0.0
2025-03-23T01:32:35.795359,320170897,142648797,0.0,0.0
2025-03-23T01:32:36.797161,320172773,142650713,1876.0,1916.0
2025-03-23T01:32:37.798953,320172773,142650713,0.0,0.0
2025-03-23T01:32:38.800410,320172773,142650713,0.0,0.0
2025-03-23T01:32:39.801602,320174649,142652629,1876.0,1916.0
2025-03-23T01:32:40.803445,320174649,142652629,0.0,0.0
2025-03-23T01:32:41.804392,320174649,142652629,0.0,0.0
2025-03-23T01:32:42.805748,320176525,142654545,1876.0,1916.0
2025-03-23T01:32:43.807623,320176961,142654665,436.0,120.0
2025-03-23T01:32:44.809896,320176961,142654665,0.0,0.0
2025-03-23T01:32:45.812242,320178837,142656581,1876.0,1916.0
2025-03-23T01:32:46.813431,320178837,142656581,0.0,0.0
2025-03-23T01:32:47.815446,320178837,142656581,0.0,0.0
2025-03-23T01:32:48.817318,320180755,142658559,1918.0,1978.0
2025-03-23T01:32:49.819171,320180755,142658559,0.0,0.0
2025-03-23T01:32:50.821510,320180755,142658559,0.0,0.0
2025-03-23T01:32:51.823898,320182631,142660475,1876.0,1916.0
2025-03-23T01:32:52.825856,320182631,142660475,0.0,0.0
2025-03-23T01:32:53.827960,320182631,142660475,0.0,0.0
2025-03-23T01:32:54.829949,320184507,142662391,1876.0,1916.0
2025-03-23T01:32:55.831822,320184507,142662391,0.0,0.0
2025-03-23T01:32:56.833821,320184507,142662391,0.0,0.0
2025-03-23T01:32:57.835413,320186383,142664307,1876.0,1916.0
2025-03-23T01:32:58.837596,320186383,142664307,0.0,0.0
2025-03-23T01:32:59.839576,320194531,142667500,8148.0,3193.0
2025-03-23T01:33:00.840455,320196407,142669416,1876.0,1916.0
2025-03-23T01:33:01.842211,320196407,142669416,0.0,0.0
2025-03-23T01:33:02.844033,320196407,142669416,0.0,0.0
2025-03-23T01:33:03.845312,320198283,142671332,1876.0,1916.0
2025-03-23T01:33:04.847112,320198547,142671566,264.0,234.0
2025-03-23T01:33:05.848442,320199163,142672524,616.0,958.0
2025-03-23T01:33:06.850249,320200423,142673482,1260.0,958.0
2025-03-23T01:33:07.852074,320200423,142673482,0.0,0.0
2025-03-23T01:33:08.853395,320201361,142674440,938.0,958.0
2025-03-23T01:33:09.855283,320202299,142675398,938.0,958.0
2025-03-23T01:33:10.856478,320202299,142675398,0.0,0.0
2025-03-23T01:33:11.857614,320203237,142676356,938.0,958.0
2025-03-23T01:33:12.859397,320204175,142677314,938.0,958.0
2025-03-23T01:33:13.860525,320204175,142677314,0.0,0.0
2025-03-23T01:33:14.861434,320205113,142678272,938.0,958.0
2025-03-23T01:33:15.862418,320206051,142679230,938.0,958.0
2025-03-23T01:33:16.863536,320206051,142679230,0.0,0.0
2025-03-23T01:33:17.864587,320206989,142680188,938.0,958.0
2025-03-23T01:33:18.866436,320207927,142681146,938.0,958.0
2025-03-23T01:33:19.867444,320207927,142681146,0.0,0.0
2025-03-23T01:33:20.868429,320208907,142682104,980.0,958.0
2025-03-23T01:33:21.869434,320209845,142683062,938.0,958.0
2025-03-23T01:33:22.870421,320209845,142683062,0.0,0.0
2025-03-23T01:33:23.871419,320210783,142684020,938.0,958.0
2025-03-23T01:33:24.872358,320211721,142684978,938.0,958.0
2025-03-23T01:33:25.873562,320211721,142684978,0.0,0.0
2025-03-23T01:33:26.875561,320212659,142685936,938.0,958.0
2025-03-23T01:33:27.877807,320213597,142686894,938.0,958.0
2025-03-23T01:33:28.880027,320213597,142686894,0.0,0.0
2025-03-23T01:33:29.881603,320214535,142687852,938.0,958.0
2025-03-23T01:33:30.883393,320215473,142688810,938.0,958.0
2025-03-23T01:33:31.885212,320215473,142688810,0.0,0.0
2025-03-23T01:33:32.886403,320216411,142689768,938.0,958.0
2025-03-23T01:33:33.888204,320217349,142690726,938.0,958.0
2025-03-23T01:33:34.889409,320217349,142690726,0.0,0.0
2025-03-23T01:33:35.891223,320218287,142691684,938.0,958.0
2025-03-23T01:33:36.892420,320219225,142692642,938.0,958.0
2025-03-23T01:33:37.894247,320219225,142692642,0.0,0.0
2025-03-23T01:33:38.895423,320220163,142693600,938.0,958.0
2025-03-23T01:33:39.896411,320221101,142694558,938.0,958.0
2025-03-23T01:33:40.898257,320221101,142694558,0.0,0.0
2025-03-23T01:33:41.900501,320222039,142695516,938.0,958.0
2025-03-23T01:33:42.902649,320222977,142696474,938.0,958.0
2025-03-23T01:33:43.904923,320222977,142696474,0.0,0.0
2025-03-23T01:33:44.907276,320223957,142697432,980.0,958.0
2025-03-23T01:33:45.909472,320224895,142698390,938.0,958.0
2025-03-23T01:33:46.910405,320224895,142698390,0.0,0.0
2025-03-23T01:33:47.911410,320225833,142699348,938.0,958.0
2025-03-23T01:33:48.912458,320226813,142700306,980.0,958.0
2025-03-23T01:33:49.914292,320226855,142700306,42.0,0.0
2025-03-23T01:33:50.916566,320227835,142701264,980.0,958.0
2025-03-23T01:33:51.918790,320228815,142702222,980.0,958.0
2025-03-23T01:33:52.920985,320228857,142702222,42.0,0.0
2025-03-23T01:33:53.923125,320229837,142703180,980.0,958.0
2025-03-23T01:33:54.925144,320230817,142704138,980.0,958.0
2025-03-23T01:33:55.926356,320230817,142704138,0.0,0.0
2025-03-23T01:33:56.927446,320231755,142705096,938.0,958.0
2025-03-23T01:33:57.928812,320232693,142706054,938.0,958.0
2025-03-23T01:33:58.930987,320232693,142706054,0.0,0.0
2025-03-23T01:33:59.932851,320242340,142710736,9647.0,4682.0
2025-03-23T01:34:00.934388,320243278,142711694,938.0,958.0
2025-03-23T01:34:01.936171,320243278,142711694,0.0,0.0
2025-03-23T01:34:02.937418,320244216,142712652,938.0,958.0
2025-03-23T01:34:03.938371,320245154,142713610,938.0,958.0
2025-03-23T01:34:04.940179,320245460,142713906,306.0,296.0
2025-03-23T01:34:05.941378,320256420,142714864,10960.0,958.0
2025-03-23T01:34:06.942379,320257358,142715822,938.0,958.0
2025-03-23T01:34:07.944113,320257358,142715822,0.0,0.0
2025-03-23T01:34:08.945308,320258296,142716780,938.0,958.0
2025-03-23T01:34:09.947016,320259234,142717738,938.0,958.0
2025-03-23T01:34:10.948916,320259234,142717738,0.0,0.0
2025-03-23T01:34:11.950733,320260172,142718696,938.0,958.0
2025-03-23T01:34:12.952390,320261110,142719654,938.0,958.0
2025-03-23T01:34:13.953554,320261110,142719774,0.0,120.0
2025-03-23T01:34:14.954401,320262735,142721257,1625.0,1483.0
2025-03-23T01:34:15.955438,320263739,142722215,1004.0,958.0
2025-03-23T01:34:16.957429,320263739,142722215,0.0,0.0
2025-03-23T01:34:17.959593,320264677,142723173,938.0,958.0
2025-03-23T01:34:18.961654,320265615,142724131,938.0,958.0
2025-03-23T01:34:19.963800,320265615,142724131,0.0,0.0
2025-03-23T01:34:20.965985,320268935,142727491,3320.0,3360.0
2025-03-23T01:34:21.968167,320269039,142727491,104.0,0.0
2025-03-23T01:34:22.970234,320269039,142727491,0.0,0.0
2025-03-23T01:34:23.971351,320269769,142728141,730.0,650.0
