timestamp,rx_bytes,tx_bytes,rx_rate_bps,tx_rate_bps
2025-03-27T17:53:51.614451,1385148790,577373409,19664.0,19704.0
2025-03-27T17:53:52.615453,1385150104,577374743,1314.0,1334.0
2025-03-27T17:53:53.616437,1385150104,577374743,0.0,0.0
2025-03-27T17:53:54.618010,1385151042,577375701,938.0,958.0
2025-03-27T17:53:55.619460,1385151980,577376659,938.0,958.0
2025-03-27T17:53:56.620441,1385152022,577376659,42.0,0.0
2025-03-27T17:53:57.622107,1385152960,577377617,938.0,958.0
2025-03-27T17:53:58.623555,1385153898,577378575,938.0,958.0
2025-03-27T17:53:59.624992,1385153898,577378575,0.0,0.0
2025-03-27T17:54:00.626254,1385154836,577379533,938.0,958.0
2025-03-27T17:54:01.627152,1385155774,577380491,938.0,958.0
2025-03-27T17:54:02.628095,1385155774,577380491,0.0,0.0
2025-03-27T17:54:03.629545,1385156712,577381449,938.0,958.0
2025-03-27T17:54:04.631006,1385157746,577382407,1034.0,958.0
2025-03-27T17:54:05.632205,1385157892,577382407,146.0,0.0
2025-03-27T17:54:06.633068,1385168393,577383365,10501.0,958.0
2025-03-27T17:54:07.634246,1385169331,577384323,938.0,958.0
2025-03-27T17:54:08.635006,1385169331,577384323,0.0,0.0
2025-03-27T17:54:09.636092,1385170323,577385281,992.0,958.0
2025-03-27T17:54:10.637277,1385171261,577386239,938.0,958.0
2025-03-27T17:54:11.638166,1385171261,577386239,0.0,0.0
2025-03-27T17:54:12.639104,1385172199,577387197,938.0,958.0
2025-03-27T17:54:13.640124,1385173137,577388155,938.0,958.0
2025-03-27T17:54:14.641614,1385173137,577388237,0.0,82.0
2025-03-27T17:54:15.642218,1385174075,577389195,938.0,958.0
2025-03-27T17:54:16.643089,1385175013,577390153,938.0,958.0
2025-03-27T17:54:17.644104,1385175013,577390153,0.0,0.0
2025-03-27T17:54:18.645092,1385175951,577391283,938.0,1130.0
2025-03-27T17:54:19.646291,1385177021,577392241,1070.0,958.0
2025-03-27T17:54:20.647836,1385177021,577392241,0.0,0.0
2025-03-27T17:54:21.649283,1385177959,577393199,938.0,958.0
2025-03-27T17:54:22.650789,1385178897,577394157,938.0,958.0
2025-03-27T17:54:23.652225,1385178939,577394219,42.0,62.0
2025-03-27T17:54:24.653322,1385179877,577395177,938.0,958.0
2025-03-27T17:54:25.654802,1385180815,577396135,938.0,958.0
2025-03-27T17:54:26.656236,1385180815,577396135,0.0,0.0
2025-03-27T17:54:27.657271,1385181753,577397093,938.0,958.0
2025-03-27T17:54:28.658117,1385182691,577398051,938.0,958.0
2025-03-27T17:54:29.659171,1385199078,577404079,16387.0,6028.0
2025-03-27T17:54:30.660632,1385200016,577405037,938.0,958.0
2025-03-27T17:54:31.662114,1385200954,577405995,938.0,958.0
2025-03-27T17:54:32.663335,1385200954,577405995,0.0,0.0
2025-03-27T17:54:33.664861,1385201892,577406953,938.0,958.0
2025-03-27T17:54:34.666188,1385203316,577408317,1424.0,1364.0
2025-03-27T17:54:35.667653,1385203316,577408317,0.0,0.0
2025-03-27T17:54:36.669148,1385204620,577409748,1304.0,1431.0
2025-03-27T17:54:37.670210,1385205945,577410878,1325.0,1130.0
2025-03-27T17:54:38.671354,1385205945,577410878,0.0,0.0
2025-03-27T17:54:39.672849,1385206883,577411836,938.0,958.0
2025-03-27T17:54:40.674303,1385207821,577412794,938.0,958.0
2025-03-27T17:54:41.675402,1385207821,577412794,0.0,0.0
2025-03-27T17:54:42.676493,1385208759,577413752,938.0,958.0
2025-03-27T17:54:43.677852,1385209697,577414710,938.0,958.0
2025-03-27T17:54:44.679397,1385209697,577414710,0.0,0.0
2025-03-27T17:54:45.680946,1385210635,577415668,938.0,958.0
2025-03-27T17:54:46.682436,1385211573,577416626,938.0,958.0
2025-03-27T17:54:47.683128,1385211573,577416626,0.0,0.0
2025-03-27T17:54:48.684710,1385212511,577417584,938.0,958.0
2025-03-27T17:54:49.686168,1385213449,577418542,938.0,958.0
2025-03-27T17:54:50.687720,1385213449,577418542,0.0,0.0
2025-03-27T17:54:51.689181,1385214387,577419500,938.0,958.0
2025-03-27T17:54:52.690136,1385215325,577420458,938.0,958.0
2025-03-27T17:54:53.691182,1385215325,577420458,0.0,0.0
2025-03-27T17:54:54.692229,1385216263,577421416,938.0,958.0
2025-03-27T17:54:55.693088,1385217201,577422374,938.0,958.0
2025-03-27T17:54:56.694541,1385217201,577422374,0.0,0.0
2025-03-27T17:54:57.698313,1385218139,577423332,938.0,958.0
2025-03-27T17:54:58.699960,1385219077,577424290,938.0,958.0
2025-03-27T17:54:59.701290,1385219077,577424290,0.0,0.0
2025-03-27T17:55:00.702795,1385220015,577425248,938.0,958.0
2025-03-27T17:55:01.704232,1385220953,577426206,938.0,958.0
2025-03-27T17:55:02.705333,1385220953,577426206,0.0,0.0
2025-03-27T17:55:03.706854,1385221891,577427164,938.0,958.0
2025-03-27T17:55:04.708379,1385222961,577428294,1070.0,1130.0
2025-03-27T17:55:05.709860,1385222961,577428294,0.0,0.0
2025-03-27T17:55:06.711352,1385223899,577429252,938.0,958.0
2025-03-27T17:55:07.712964,1385224837,577430210,938.0,958.0
2025-03-27T17:55:08.714461,1385224837,577430210,0.0,0.0
2025-03-27T17:55:09.715201,1385225817,577431230,980.0,1020.0
2025-03-27T17:55:10.716653,1385226755,577432188,938.0,958.0
2025-03-27T17:55:11.718089,1385226755,577432188,0.0,0.0
2025-03-27T17:55:12.719646,1385227693,577433146,938.0,958.0
2025-03-27T17:55:13.721184,1385228631,577434104,938.0,958.0
2025-03-27T17:55:14.722845,1385228631,577434104,0.0,0.0
2025-03-27T17:55:15.724393,1385229569,577435062,938.0,958.0
2025-03-27T17:55:16.725872,1385230507,577436020,938.0,958.0
2025-03-27T17:55:17.727362,1385230507,577436020,0.0,0.0
2025-03-27T17:55:18.728868,1385231445,577436978,938.0,958.0
2025-03-27T17:55:19.730378,1385232383,577437936,938.0,958.0
2025-03-27T17:55:20.731148,1385232999,577438894,616.0,958.0
2025-03-27T17:55:21.732606,1385233321,577438894,322.0,0.0
2025-03-27T17:55:22.734368,1385234259,577439852,938.0,958.0
2025-03-27T17:55:23.735950,1385235197,577440810,938.0,958.0
2025-03-27T17:55:24.737187,1385235197,577440810,0.0,0.0
2025-03-27T17:55:25.738647,1385236135,577441768,938.0,958.0
2025-03-27T17:55:26.740096,1385237073,577442726,938.0,958.0
2025-03-27T17:55:27.741574,1385237073,577442726,0.0,0.0
2025-03-27T17:55:28.743156,1385238011,577443684,938.0,958.0
2025-03-27T17:55:29.744637,1385246927,577447481,8916.0,3797.0
2025-03-27T17:55:30.746299,1385246927,577447481,0.0,0.0
2025-03-27T17:55:31.747072,1385247865,577448439,938.0,958.0
2025-03-27T17:55:32.748176,1385248803,577449397,938.0,958.0
2025-03-27T17:55:33.749168,1385248857,577449397,54.0,0.0
2025-03-27T17:55:34.750101,1385250059,577450589,1202.0,1192.0
2025-03-27T17:55:35.751188,1385250997,577451547,938.0,958.0
2025-03-27T17:55:36.752070,1385250997,577451547,0.0,0.0
2025-03-27T17:55:37.753187,1385251935,577452505,938.0,958.0
2025-03-27T17:55:38.754863,1385252873,577453463,938.0,958.0
2025-03-27T17:55:39.756355,1385252873,577453463,0.0,0.0
2025-03-27T17:55:40.757279,1385253811,577454421,938.0,958.0
2025-03-27T17:55:41.758854,1385254803,577455379,992.0,958.0
2025-03-27T17:55:42.760095,1385254803,577455379,0.0,0.0
2025-03-27T17:55:43.761128,1385256083,577456337,1280.0,958.0
2025-03-27T17:55:44.762084,1385257423,577457295,1340.0,958.0
2025-03-27T17:55:45.763174,1385257549,577457295,126.0,0.0
2025-03-27T17:55:46.764305,1385258767,577458253,1218.0,958.0
2025-03-27T17:55:47.765938,1385261443,577459211,2676.0,958.0
2025-03-27T17:55:48.767416,1385264133,577461921,2690.0,2710.0
2025-03-27T17:55:49.768957,1385264133,577461921,0.0,0.0
2025-03-27T17:55:50.770296,1385264763,577462571,630.0,650.0
