timestamp,rx_bytes,tx_bytes,rx_rate_bps,tx_rate_bps
2025-03-26T00:30:15.792408,1033682926,423597213,1876.0,1916.0
2025-03-26T00:30:16.794727,1033682926,423597213,0.0,0.0
2025-03-26T00:30:17.796805,1033682926,423597213,0.0,0.0
2025-03-26T00:30:18.799025,1033684802,423599129,1876.0,1916.0
2025-03-26T00:30:19.801246,1033684802,423599129,0.0,0.0
2025-03-26T00:30:20.802315,1033684802,423599129,0.0,0.0
2025-03-26T00:30:21.804060,1033686678,423601045,1876.0,1916.0
2025-03-26T00:30:22.805953,1033686678,423601045,0.0,0.0
2025-03-26T00:30:23.808043,1033686678,423601045,0.0,0.0
2025-03-26T00:30:24.810176,1033688554,423602961,1876.0,1916.0
2025-03-26T00:30:25.812353,1033708494,423610599,19940.0,7638.0
2025-03-26T00:30:26.814528,1033759176,423618904,50682.0,8305.0
2025-03-26T00:30:27.816741,1033761052,423620820,1876.0,1916.0
2025-03-26T00:30:28.818985,1033761052,423620820,0.0,0.0
2025-03-26T00:30:29.821121,1033762524,423621936,1472.0,1116.0
2025-03-26T00:30:30.823341,1033764442,423623914,1918.0,1978.0
2025-03-26T00:30:31.825507,1033764664,423624086,222.0,172.0
2025-03-26T00:30:32.827736,1033764664,423624086,0.0,0.0
2025-03-26T00:30:33.830002,1033766540,423626002,1876.0,1916.0
2025-03-26T00:30:34.832007,1033766762,423626174,222.0,172.0
2025-03-26T00:30:35.833995,1033766762,423626174,0.0,0.0
2025-03-26T00:30:36.836129,1033768638,423628090,1876.0,1916.0
2025-03-26T00:30:37.837479,1033768638,423628090,0.0,0.0
2025-03-26T00:30:38.838476,1033768638,423628090,0.0,0.0
2025-03-26T00:30:39.840318,1033770514,423630006,1876.0,1916.0
2025-03-26T00:30:40.841661,1033770514,423630006,0.0,0.0
2025-03-26T00:30:41.843567,1033770626,423630006,112.0,0.0
2025-03-26T00:30:42.845602,1033772548,423631922,1922.0,1916.0
2025-03-26T00:30:43.847443,1033772548,423631922,0.0,0.0
2025-03-26T00:30:44.848385,1033772694,423631922,146.0,0.0
2025-03-26T00:30:45.850207,1033774570,423633838,1876.0,1916.0
2025-03-26T00:30:46.851944,1033774570,423633838,0.0,0.0
2025-03-26T00:30:47.853635,1033774612,423633920,42.0,82.0
2025-03-26T00:30:48.855332,1033776584,423635836,1972.0,1916.0
2025-03-26T00:30:49.857233,1033776626,423635836,42.0,0.0
2025-03-26T00:30:50.858334,1033776626,423635836,0.0,0.0
2025-03-26T00:30:51.860059,1033778556,423637752,1930.0,1916.0
2025-03-26T00:30:52.861445,1033778556,423637752,0.0,0.0
2025-03-26T00:30:53.862358,1033778556,423637752,0.0,0.0
2025-03-26T00:30:54.863333,1033780432,423639668,1876.0,1916.0
2025-03-26T00:30:55.864321,1033780432,423639668,0.0,0.0
2025-03-26T00:30:56.866066,1033780432,423639668,0.0,0.0
2025-03-26T00:30:57.867295,1033782308,423641584,1876.0,1916.0
2025-03-26T00:30:58.869041,1033782308,423641584,0.0,0.0
2025-03-26T00:30:59.870807,1033782308,423641584,0.0,0.0
2025-03-26T00:31:00.872471,1033784184,423643500,1876.0,1916.0
2025-03-26T00:31:01.874067,1033784184,423643500,0.0,0.0
2025-03-26T00:31:02.875294,1033784184,423643500,0.0,0.0
2025-03-26T00:31:03.876341,1033786060,423645416,1876.0,1916.0
2025-03-26T00:31:04.877328,1033786060,423645416,0.0,0.0
2025-03-26T00:31:05.878256,1033786060,423645416,0.0,0.0
2025-03-26T00:31:06.880025,1033787936,423647332,1876.0,1916.0
2025-03-26T00:31:07.881433,1033787936,423647332,0.0,0.0
2025-03-26T00:31:08.882375,1033787936,423647332,0.0,0.0
2025-03-26T00:31:09.884095,1033789812,423649248,1876.0,1916.0
2025-03-26T00:31:10.885323,1033789812,423649248,0.0,0.0
2025-03-26T00:31:11.886314,1033789812,423649248,0.0,0.0
2025-03-26T00:31:12.887312,1033791688,423651164,1876.0,1916.0
2025-03-26T00:31:13.888319,1033791688,423651164,0.0,0.0
2025-03-26T00:31:14.889365,1033791688,423651164,0.0,0.0
2025-03-26T00:31:15.891207,1033793564,423653080,1876.0,1916.0
2025-03-26T00:31:16.892370,1033793564,423653080,0.0,0.0
2025-03-26T00:31:17.893401,1033793564,423653080,0.0,0.0
2025-03-26T00:31:18.894262,1033795440,423654996,1876.0,1916.0
2025-03-26T00:31:19.895995,1033795440,423654996,0.0,0.0
2025-03-26T00:31:20.897292,1033795440,423654996,0.0,0.0
2025-03-26T00:31:21.898370,1033797316,423656912,1876.0,1916.0
2025-03-26T00:31:22.900400,1033797358,423656912,42.0,0.0
2025-03-26T00:31:23.902524,1033797400,423656912,42.0,0.0
2025-03-26T00:31:24.904721,1033799318,423658828,1918.0,1916.0
2025-03-26T00:31:25.906436,1033799360,423658828,42.0,0.0
2025-03-26T00:31:26.907431,1033799402,423658828,42.0,0.0
2025-03-26T00:31:27.909519,1033823006,423670386,23604.0,11558.0
2025-03-26T00:31:28.910630,1033870562,423676601,47556.0,6215.0
2025-03-26T00:31:29.912671,1033872076,423677717,1514.0,1116.0
2025-03-26T00:31:30.914769,1033873994,423679633,1918.0,1916.0
2025-03-26T00:31:31.916621,1033874036,423679633,42.0,0.0
2025-03-26T00:31:32.918506,1033874120,423679695,84.0,62.0
2025-03-26T00:31:33.919415,1033876260,423681783,2140.0,2088.0
2025-03-26T00:31:34.920570,1033876524,423681955,264.0,172.0
2025-03-26T00:31:35.922409,1033876566,423681955,42.0,0.0
2025-03-26T00:31:36.924216,1033878484,423683871,1918.0,1916.0
2025-03-26T00:31:37.926063,1033878568,423683871,84.0,0.0
2025-03-26T00:31:38.927921,1033878610,423683871,42.0,0.0
2025-03-26T00:31:39.929748,1033885263,423685787,6653.0,1916.0
2025-03-26T00:31:40.931760,1033885903,423685787,640.0,0.0
2025-03-26T00:31:41.933410,1033886724,423685787,821.0,0.0
2025-03-26T00:31:42.934573,1033888642,423687703,1918.0,1916.0
2025-03-26T00:31:43.936389,1033889261,423687703,619.0,0.0
2025-03-26T00:31:44.938390,1033889345,423687703,84.0,0.0
2025-03-26T00:31:45.940556,1033891221,423689619,1876.0,1916.0
2025-03-26T00:31:46.941443,1033891263,423689619,42.0,0.0
2025-03-26T00:31:47.943629,1033891305,423689619,42.0,0.0
2025-03-26T00:31:48.947837,1033893223,423691535,1918.0,1916.0
2025-03-26T00:31:49.949565,1033893265,423691535,42.0,0.0
2025-03-26T00:31:50.951671,1033893307,423691535,42.0,0.0
2025-03-26T00:31:51.953568,1033895225,423693451,1918.0,1916.0
2025-03-26T00:31:52.955663,1033895267,423693451,42.0,0.0
2025-03-26T00:31:53.957810,1033895309,423693451,42.0,0.0
2025-03-26T00:31:54.960021,1033897227,423695367,1918.0,1916.0
2025-03-26T00:31:55.962238,1033897269,423695367,42.0,0.0
2025-03-26T00:31:56.964407,1033897311,423695367,42.0,0.0
2025-03-26T00:31:57.966340,1033899229,423697283,1918.0,1916.0
2025-03-26T00:31:58.968456,1033899271,423697283,42.0,0.0
2025-03-26T00:31:59.970614,1033899313,423697283,42.0,0.0
2025-03-26T00:32:00.972877,1033901231,423699199,1918.0,1916.0
2025-03-26T00:32:01.975209,1033901273,423699199,42.0,0.0
2025-03-26T00:32:02.977387,1033901315,423699199,42.0,0.0
2025-03-26T00:32:03.979373,1033903233,423701115,1918.0,1916.0
2025-03-26T00:32:04.981546,1033903275,423701115,42.0,0.0
2025-03-26T00:32:05.983352,1033903317,423701115,42.0,0.0
2025-03-26T00:32:06.984446,1033911253,423703031,7936.0,1916.0
2025-03-26T00:32:07.985370,1033911295,423703031,42.0,0.0
2025-03-26T00:32:08.986392,1033911337,423703031,42.0,0.0
2025-03-26T00:32:09.988228,1033913255,423704947,1918.0,1916.0
2025-03-26T00:32:10.990087,1033913297,423704947,42.0,0.0
2025-03-26T00:32:11.991572,1033913339,423704947,42.0,0.0
2025-03-26T00:32:12.993368,1033917009,423708615,3670.0,3668.0
2025-03-26T00:32:13.994343,1033917051,423708615,42.0,0.0
2025-03-26T00:32:14.995437,1033917093,423708615,42.0,0.0
