timestamp,rx_bytes,tx_bytes,rx_rate_bps,tx_rate_bps
2025-03-26T10:34:59.350471,1099229270,458836871,3552.0,3032.0
2025-03-26T10:35:00.352399,1099229474,458836871,204.0,0.0
2025-03-26T10:35:01.353531,1099229528,458836871,54.0,0.0
2025-03-26T10:35:02.354441,1099231726,458838873,2198.0,2002.0
2025-03-26T10:35:03.355414,1099231768,458838935,42.0,62.0
2025-03-26T10:35:04.356393,1099231768,458838935,0.0,0.0
2025-03-26T10:35:05.357415,1099233866,458841023,2098.0,2088.0
2025-03-26T10:35:06.358421,1099233866,458841023,0.0,0.0
2025-03-26T10:35:07.359410,1099233866,458841023,0.0,0.0
2025-03-26T10:35:08.360412,1099235898,458842939,2032.0,1916.0
2025-03-26T10:35:09.362739,1099236054,458842939,156.0,0.0
2025-03-26T10:35:10.364587,1099236712,458843897,658.0,958.0
2025-03-26T10:35:11.366845,1099237972,458844855,1260.0,958.0
2025-03-26T10:35:12.369073,1099237972,458844855,0.0,0.0
2025-03-26T10:35:13.370984,1099238910,458845813,938.0,958.0
2025-03-26T10:35:14.373141,1099239848,458846771,938.0,958.0
2025-03-26T10:35:15.374323,1099239848,458846771,0.0,0.0
2025-03-26T10:35:16.375471,1099240828,458847729,980.0,958.0
2025-03-26T10:35:17.376372,1099241766,458848687,938.0,958.0
2025-03-26T10:35:18.377318,1099241766,458848687,0.0,0.0
2025-03-26T10:35:19.378283,1099242704,458849645,938.0,958.0
2025-03-26T10:35:20.379279,1099243642,458850603,938.0,958.0
2025-03-26T10:35:21.380307,1099243642,458850603,0.0,0.0
2025-03-26T10:35:22.381304,1099244580,458851561,938.0,958.0
2025-03-26T10:35:23.382298,1099245518,458852519,938.0,958.0
2025-03-26T10:35:24.383285,1099245518,458852519,0.0,0.0
2025-03-26T10:35:25.384303,1099246654,458853477,1136.0,958.0
2025-03-26T10:35:26.386002,1099247748,458854435,1094.0,958.0
2025-03-26T10:35:27.387384,1099247748,458854435,0.0,0.0
2025-03-26T10:35:28.388580,1099248686,458855393,938.0,958.0
2025-03-26T10:35:29.390495,1099249780,458856351,1094.0,958.0
2025-03-26T10:35:30.391386,1099250173,458856535,393.0,184.0
2025-03-26T10:35:31.392391,1099251111,458857493,938.0,958.0
2025-03-26T10:35:32.393377,1099252049,458858451,938.0,958.0
2025-03-26T10:35:33.395315,1099252049,458858451,0.0,0.0
2025-03-26T10:35:34.397411,1099253029,458859471,980.0,1020.0
2025-03-26T10:35:35.399757,1099254009,458860491,980.0,1020.0
2025-03-26T10:35:36.401970,1099254009,458860491,0.0,0.0
2025-03-26T10:35:37.404200,1099254947,458861449,938.0,958.0
2025-03-26T10:35:38.406467,1099255885,458862407,938.0,958.0
2025-03-26T10:35:39.408849,1099255885,458862407,0.0,0.0
2025-03-26T10:35:40.410952,1099256823,458863365,938.0,958.0
2025-03-26T10:35:41.413085,1099257761,458864323,938.0,958.0
2025-03-26T10:35:42.415238,1099257761,458864323,0.0,0.0
2025-03-26T10:35:43.417074,1099258699,458865281,938.0,958.0
2025-03-26T10:35:44.418551,1099259637,458866239,938.0,958.0
2025-03-26T10:35:45.419548,1099259637,458866239,0.0,0.0
2025-03-26T10:35:46.420389,1099260575,458867197,938.0,958.0
2025-03-26T10:35:47.421704,1099262149,458868155,1574.0,958.0
2025-03-26T10:35:48.423378,1099262149,458868155,0.0,0.0
2025-03-26T10:35:49.425174,1099263087,458869113,938.0,958.0
2025-03-26T10:35:50.426408,1099264025,458870071,938.0,958.0
2025-03-26T10:35:51.427413,1099264025,458870071,0.0,0.0
2025-03-26T10:35:52.428428,1099264963,458871029,938.0,958.0
2025-03-26T10:35:53.429607,1099265901,458871987,938.0,958.0
2025-03-26T10:35:54.431468,1099265901,458871987,0.0,0.0
2025-03-26T10:35:55.433525,1099266839,458872945,938.0,958.0
2025-03-26T10:35:56.435731,1099267777,458873903,938.0,958.0
2025-03-26T10:35:57.436798,1099282795,458879807,15018.0,5904.0
2025-03-26T10:35:58.438861,1099296469,458887763,13674.0,7956.0
2025-03-26T10:35:59.441068,1099340253,458892682,43784.0,4919.0
2025-03-26T10:36:00.442879,1099340253,458892682,0.0,0.0
2025-03-26T10:36:01.444816,1099341191,458893640,938.0,958.0
2025-03-26T10:36:02.446562,1099342129,458894598,938.0,958.0
2025-03-26T10:36:03.448449,1099342171,458894660,42.0,62.0
2025-03-26T10:36:04.449579,1099343553,458895962,1382.0,1302.0
2025-03-26T10:36:05.451549,1099344491,458896920,938.0,958.0
2025-03-26T10:36:06.452586,1099347011,458896920,2520.0,0.0
2025-03-26T10:36:07.454578,1099347949,458897878,938.0,958.0
2025-03-26T10:36:08.456404,1099348887,458898836,938.0,958.0
2025-03-26T10:36:09.457486,1099348887,458898836,0.0,0.0
2025-03-26T10:36:10.458408,1099349825,458899794,938.0,958.0
2025-03-26T10:36:11.459409,1099350763,458900752,938.0,958.0
2025-03-26T10:36:12.461500,1099350981,458900752,218.0,0.0
2025-03-26T10:36:13.463569,1099351919,458901710,938.0,958.0
2025-03-26T10:36:14.465421,1099353075,458902668,1156.0,958.0
2025-03-26T10:36:15.467609,1099353293,458902668,218.0,0.0
2025-03-26T10:36:16.469795,1099354231,458903626,938.0,958.0
2025-03-26T10:36:17.471514,1099355169,458904584,938.0,958.0
2025-03-26T10:36:18.473417,1099355169,458904584,0.0,0.0
2025-03-26T10:36:19.475147,1099356107,458905542,938.0,958.0
2025-03-26T10:36:20.476279,1099357045,458906500,938.0,958.0
2025-03-26T10:36:21.477316,1099357045,458906500,0.0,0.0
2025-03-26T10:36:22.479202,1099357983,458907458,938.0,958.0
2025-03-26T10:36:23.481036,1099358921,458908416,938.0,958.0
2025-03-26T10:36:24.482383,1099358921,458908416,0.0,0.0
2025-03-26T10:36:25.483325,1099359859,458909374,938.0,958.0
2025-03-26T10:36:26.484277,1099360797,458910332,938.0,958.0
2025-03-26T10:36:27.485987,1099360797,458910332,0.0,0.0
2025-03-26T10:36:28.487878,1099361735,458911290,938.0,958.0
2025-03-26T10:36:29.489883,1099362673,458912248,938.0,958.0
2025-03-26T10:36:30.491734,1099362673,458912248,0.0,0.0
2025-03-26T10:36:31.493530,1099363611,458913206,938.0,958.0
2025-03-26T10:36:32.495032,1099364549,458914164,938.0,958.0
2025-03-26T10:36:33.496585,1099364591,458914164,42.0,0.0
2025-03-26T10:36:34.498407,1099365529,458915122,938.0,958.0
2025-03-26T10:36:35.499415,1099366467,458916080,938.0,958.0
2025-03-26T10:36:36.501236,1099366467,458916080,0.0,0.0
2025-03-26T10:36:37.503372,1099367405,458917038,938.0,958.0
2025-03-26T10:36:38.505655,1099368343,458917996,938.0,958.0
2025-03-26T10:36:39.507944,1099368343,458917996,0.0,0.0
2025-03-26T10:36:40.509905,1099369281,458918954,938.0,958.0
2025-03-26T10:36:41.511992,1099370219,458919912,938.0,958.0
2025-03-26T10:36:42.514128,1099370219,458919912,0.0,0.0
2025-03-26T10:36:43.516234,1099371157,458920870,938.0,958.0
2025-03-26T10:36:44.518386,1099372095,458921828,938.0,958.0
2025-03-26T10:36:45.520545,1099372095,458921828,0.0,0.0
2025-03-26T10:36:46.522749,1099373033,458922786,938.0,958.0
2025-03-26T10:36:47.524523,1099373971,458923744,938.0,958.0
2025-03-26T10:36:48.525554,1099373971,458923744,0.0,0.0
2025-03-26T10:36:49.526785,1099374909,458924702,938.0,958.0
2025-03-26T10:36:50.528371,1099375847,458925660,938.0,958.0
2025-03-26T10:36:51.529404,1099375847,458925660,0.0,0.0
2025-03-26T10:36:52.530568,1099376785,458926618,938.0,958.0
2025-03-26T10:36:53.532426,1099377723,458927576,938.0,958.0
2025-03-26T10:36:54.533373,1099377723,458927576,0.0,0.0
2025-03-26T10:36:55.534516,1099381351,458931244,3628.0,3668.0
2025-03-26T10:36:56.536356,1099381351,458931244,0.0,0.0
2025-03-26T10:36:57.538405,1099381455,458931244,104.0,0.0
2025-03-26T10:36:58.539390,1099382193,458931894,738.0,650.0
