timestamp,rx_bytes,tx_bytes,rx_rate_bps,tx_rate_bps
2025-03-25T23:54:59.371927,1029855271,421547706,19480.0,19520.0
2025-03-25T23:55:00.373290,1029856961,421549416,1690.0,1710.0
2025-03-25T23:55:01.374521,1029856961,421549416,0.0,0.0
2025-03-25T23:55:02.376011,1029857899,421550374,938.0,958.0
2025-03-25T23:55:03.377146,1029858837,421551332,938.0,958.0
2025-03-25T23:55:04.378071,1029858837,421551332,0.0,0.0
2025-03-25T23:55:05.379059,1029859775,421552290,938.0,958.0
2025-03-25T23:55:06.380541,1029860713,421553248,938.0,958.0
2025-03-25T23:55:07.382030,1029860713,421553248,0.0,0.0
2025-03-25T23:55:08.383587,1029861651,421554206,938.0,958.0
2025-03-25T23:55:09.384078,1029862589,421555164,938.0,958.0
2025-03-25T23:55:10.385590,1029862589,421555164,0.0,0.0
2025-03-25T23:55:11.386145,1029863527,421556122,938.0,958.0
2025-03-25T23:55:12.387248,1029864465,421557080,938.0,958.0
2025-03-25T23:55:13.388248,1029864465,421557080,0.0,0.0
2025-03-25T23:55:14.390111,1029865403,421558038,938.0,958.0
2025-03-25T23:55:15.391273,1029866341,421558996,938.0,958.0
2025-03-25T23:55:16.392725,1029866391,421558996,50.0,0.0
2025-03-25T23:55:17.394053,1029881277,421564740,14886.0,5744.0
2025-03-25T23:55:18.395142,1029937415,421576883,56138.0,12143.0
2025-03-25T23:55:19.396059,1029937415,421576969,0.0,86.0
2025-03-25T23:55:20.397555,1029938407,421577927,992.0,958.0
2025-03-25T23:55:21.398176,1029939391,421578967,984.0,1040.0
2025-03-25T23:55:22.399101,1029939479,421579029,88.0,62.0
2025-03-25T23:55:23.400211,1029940417,421579987,938.0,958.0
2025-03-25T23:55:24.401844,1029941799,421581203,1382.0,1216.0
2025-03-25T23:55:25.403238,1029941899,421581203,100.0,0.0
2025-03-25T23:55:26.404708,1029942837,421582161,938.0,958.0
2025-03-25T23:55:27.406276,1029943775,421583119,938.0,958.0
2025-03-25T23:55:28.407153,1029943775,421583119,0.0,0.0
2025-03-25T23:55:29.408662,1029952691,421586916,8916.0,3797.0
2025-03-25T23:55:30.410189,1029953629,421587874,938.0,958.0
2025-03-25T23:55:31.411775,1029953629,421587874,0.0,0.0
2025-03-25T23:55:32.413293,1029954567,421588832,938.0,958.0
2025-03-25T23:55:33.414315,1029955505,421589790,938.0,958.0
2025-03-25T23:55:34.415223,1029955505,421589790,0.0,0.0
2025-03-25T23:55:35.416662,1029956665,421590920,1160.0,1130.0
2025-03-25T23:55:36.418176,1029957603,421591878,938.0,958.0
2025-03-25T23:55:37.419851,1029957603,421591878,0.0,0.0
2025-03-25T23:55:38.421335,1029958541,421592836,938.0,958.0
2025-03-25T23:55:39.422069,1029959479,421593794,938.0,958.0
2025-03-25T23:55:40.423138,1029959479,421593794,0.0,0.0
2025-03-25T23:55:41.424156,1029960417,421594752,938.0,958.0
2025-03-25T23:55:42.425148,1029961355,421595710,938.0,958.0
2025-03-25T23:55:43.426722,1029961355,421595710,0.0,0.0
2025-03-25T23:55:44.428248,1029962293,421596668,938.0,958.0
2025-03-25T23:55:45.429694,1029963231,421597626,938.0,958.0
2025-03-25T23:55:46.431197,1029963273,421597626,42.0,0.0
2025-03-25T23:55:47.432695,1029964211,421598584,938.0,958.0
2025-03-25T23:55:48.434202,1029965149,421599542,938.0,958.0
2025-03-25T23:55:49.435633,1029965149,421599542,0.0,0.0
2025-03-25T23:55:50.436124,1029966087,421600500,938.0,958.0
2025-03-25T23:55:51.437184,1029967025,421601458,938.0,958.0
2025-03-25T23:55:52.438728,1029967025,421601458,0.0,0.0
2025-03-25T23:55:53.440251,1029967963,421602416,938.0,958.0
2025-03-25T23:55:54.441096,1029968901,421603374,938.0,958.0
2025-03-25T23:55:55.442108,1029968901,421603374,0.0,0.0
2025-03-25T23:55:56.443093,1029969839,421604332,938.0,958.0
2025-03-25T23:55:57.444124,1029970777,421605290,938.0,958.0
2025-03-25T23:55:58.445060,1029970777,421605290,0.0,0.0
2025-03-25T23:55:59.446505,1029971715,421606248,938.0,958.0
2025-03-25T23:56:00.447092,1029972653,421607206,938.0,958.0
2025-03-25T23:56:01.448647,1029972653,421607206,0.0,0.0
2025-03-25T23:56:02.450141,1029973591,421608164,938.0,958.0
2025-03-25T23:56:03.451606,1029974529,421609122,938.0,958.0
2025-03-25T23:56:04.452079,1029974529,421609122,0.0,0.0
2025-03-25T23:56:05.453633,1029975467,421610080,938.0,958.0
2025-03-25T23:56:06.455061,1029986427,421611038,10960.0,958.0
2025-03-25T23:56:07.456115,1029986427,421611038,0.0,0.0
2025-03-25T23:56:08.457520,1029987365,421611996,938.0,958.0
2025-03-25T23:56:09.458964,1029988303,421612954,938.0,958.0
2025-03-25T23:56:10.460534,1029988303,421612954,0.0,0.0
2025-03-25T23:56:11.462104,1029989241,421613912,938.0,958.0
2025-03-25T23:56:12.463312,1029990179,421614870,938.0,958.0
2025-03-25T23:56:13.464149,1029990179,421614870,0.0,0.0
2025-03-25T23:56:14.465729,1029991117,421615828,938.0,958.0
2025-03-25T23:56:15.467196,1029992055,421616786,938.0,958.0
2025-03-25T23:56:16.468693,1029992055,421616786,0.0,0.0
2025-03-25T23:56:17.470126,1029992993,421617744,938.0,958.0
2025-03-25T23:56:18.471710,1029993931,421618702,938.0,958.0
2025-03-25T23:56:19.473097,1030000971,421621765,7040.0,3063.0
2025-03-25T23:56:20.474274,1030028994,421634967,28023.0,13202.0
2025-03-25T23:56:21.475096,1030064901,421637065,35907.0,2098.0
2025-03-25T23:56:22.476438,1030064901,421637065,0.0,0.0
2025-03-25T23:56:23.477251,1030065839,421638023,938.0,958.0
2025-03-25T23:56:24.478134,1030066819,421639043,980.0,1020.0
2025-03-25T23:56:25.479613,1030066819,421639043,0.0,0.0
2025-03-25T23:56:26.480145,1030068201,421640173,1382.0,1130.0
2025-03-25T23:56:27.481176,1030069139,421641131,938.0,958.0
2025-03-25T23:56:28.482077,1030069139,421641131,0.0,0.0
2025-03-25T23:56:29.483272,1030078055,421644928,8916.0,3797.0
2025-03-25T23:56:30.484239,1030078993,421645886,938.0,958.0
2025-03-25T23:56:31.485098,1030078993,421645886,0.0,0.0
2025-03-25T23:56:32.486060,1030079973,421646844,980.0,958.0
2025-03-25T23:56:33.487482,1030080911,421647802,938.0,958.0
2025-03-25T23:56:34.489117,1030081133,421647974,222.0,172.0
2025-03-25T23:56:35.490319,1030082071,421648932,938.0,958.0
2025-03-25T23:56:36.491913,1030083009,421649890,938.0,958.0
2025-03-25T23:56:37.493137,1030083009,421649890,0.0,0.0
2025-03-25T23:56:38.494095,1030083947,421650848,938.0,958.0
2025-03-25T23:56:39.495155,1030084885,421651806,938.0,958.0
2025-03-25T23:56:40.496291,1030084927,421651806,42.0,0.0
2025-03-25T23:56:41.497081,1030085907,421652764,980.0,958.0
2025-03-25T23:56:42.498065,1030086887,421653722,980.0,958.0
2025-03-25T23:56:43.499051,1030086929,421653722,42.0,0.0
2025-03-25T23:56:44.500109,1030087867,421654680,938.0,958.0
2025-03-25T23:56:45.501137,1030088805,421655638,938.0,958.0
2025-03-25T23:56:46.502251,1030088805,421655638,0.0,0.0
2025-03-25T23:56:47.503905,1030089743,421656596,938.0,958.0
2025-03-25T23:56:48.505153,1030090681,421657554,938.0,958.0
2025-03-25T23:56:49.506131,1030090681,421657554,0.0,0.0
2025-03-25T23:56:50.507262,1030091619,421658512,938.0,958.0
2025-03-25T23:56:51.508164,1030092557,421659470,938.0,958.0
2025-03-25T23:56:52.509232,1030092557,421659470,0.0,0.0
2025-03-25T23:56:53.510811,1030093495,421660428,938.0,958.0
2025-03-25T23:56:54.512286,1030094433,421661386,938.0,958.0
2025-03-25T23:56:55.513138,1030094433,421661386,0.0,0.0
2025-03-25T23:56:56.514304,1030095371,421662344,938.0,958.0
2025-03-25T23:56:57.515224,1030098061,421665054,2690.0,2710.0
2025-03-25T23:56:58.516708,1030098061,421665054,0.0,0.0
