timestamp,rx_bytes,tx_bytes,rx_rate_bps,tx_rate_bps
2025-03-21T22:18:07.658554,118600253,44661511,1876.0,1916.0
2025-03-21T22:18:08.660868,118600253,44661511,0.0,0.0
2025-03-21T22:18:09.662588,118600253,44661511,0.0,0.0
2025-03-21T22:18:10.664973,118602129,44663427,1876.0,1916.0
2025-03-21T22:18:11.666429,118602129,44663427,0.0,0.0
2025-03-21T22:18:12.667387,118602171,44663427,42.0,0.0
2025-03-21T22:18:13.668482,118604089,44665343,1918.0,1916.0
2025-03-21T22:18:14.670225,118604131,44665343,42.0,0.0
2025-03-21T22:18:15.671572,118604173,44665343,42.0,0.0
2025-03-21T22:18:16.672426,118606049,44667259,1876.0,1916.0
2025-03-21T22:18:17.673425,118606049,44667259,0.0,0.0
2025-03-21T22:18:18.675795,118606049,44667259,0.0,0.0
2025-03-21T22:18:19.678021,118607925,44669175,1876.0,1916.0
2025-03-21T22:18:20.679423,118607925,44669175,0.0,0.0
2025-03-21T22:18:21.681585,118607925,44669175,0.0,0.0
2025-03-21T22:18:22.683984,118609801,44671091,1876.0,1916.0
2025-03-21T22:18:23.686351,118609801,44671091,0.0,0.0
2025-03-21T22:18:24.687457,118609801,44671091,0.0,0.0
2025-03-21T22:18:25.688365,118611677,44673007,1876.0,1916.0
2025-03-21T22:18:26.690170,118611677,44673007,0.0,0.0
2025-03-21T22:18:27.691977,118611677,44673007,0.0,0.0
2025-03-21T22:18:28.693355,118613553,44674923,1876.0,1916.0
2025-03-21T22:18:29.695471,118613553,44674923,0.0,0.0
2025-03-21T22:18:30.696402,118613553,44674923,0.0,0.0
2025-03-21T22:18:31.698206,118615429,44676839,1876.0,1916.0
2025-03-21T22:18:32.700430,118615429,44676839,0.0,0.0
2025-03-21T22:18:33.701443,118615429,44676839,0.0,0.0
2025-03-21T22:18:34.703575,118617305,44678755,1876.0,1916.0
2025-03-21T22:18:35.705812,118617305,44678755,0.0,0.0
2025-03-21T22:18:36.707723,118617305,44678755,0.0,0.0
2025-03-21T22:18:37.709457,118619181,44680671,1876.0,1916.0
2025-03-21T22:18:38.711280,118619181,44680671,0.0,0.0
2025-03-21T22:18:39.713094,118619181,44680671,0.0,0.0
2025-03-21T22:18:40.715085,118621057,44682587,1876.0,1916.0
2025-03-21T22:18:41.716932,118621057,44682587,0.0,0.0
2025-03-21T22:18:42.719109,118621057,44682587,0.0,0.0
2025-03-21T22:18:43.720946,118622933,44684503,1876.0,1916.0
2025-03-21T22:18:44.723178,118622933,44685352,0.0,849.0
2025-03-21T22:18:45.725417,118622933,44685352,0.0,0.0
2025-03-21T22:18:46.726429,118624809,44687268,1876.0,1916.0
2025-03-21T22:18:47.728593,118624809,44687268,0.0,0.0
2025-03-21T22:18:48.730875,118624863,44687268,54.0,0.0
2025-03-21T22:18:49.732729,118627073,44689246,2210.0,1978.0
2025-03-21T22:18:50.734409,118627192,44689246,119.0,0.0
2025-03-21T22:18:51.736231,118627192,44689246,0.0,0.0
2025-03-21T22:18:52.737380,118629068,44691162,1876.0,1916.0
2025-03-21T22:18:53.739255,118629357,44691162,289.0,0.0
2025-03-21T22:18:54.741386,118629357,44691162,0.0,0.0
2025-03-21T22:18:55.743393,118631283,44693078,1926.0,1916.0
2025-03-21T22:18:56.745260,118631337,44693078,54.0,0.0
2025-03-21T22:18:57.747418,118631337,44693078,0.0,0.0
2025-03-21T22:18:58.749255,118633213,44694994,1876.0,1916.0
2025-03-21T22:18:59.751101,118641191,44697819,7978.0,2825.0
2025-03-21T22:19:00.753309,118641191,44697819,0.0,0.0
2025-03-21T22:19:01.755465,118643121,44699735,1930.0,1916.0
2025-03-21T22:19:02.756567,118643121,44699735,0.0,0.0
2025-03-21T22:19:03.758334,118643175,44699735,54.0,0.0
2025-03-21T22:19:04.759366,118645369,44701885,2194.0,2150.0
2025-03-21T22:19:05.761190,118645369,44701967,0.0,82.0
2025-03-21T22:19:06.762388,118645369,44701967,0.0,0.0
2025-03-21T22:19:07.763413,118647245,44703883,1876.0,1916.0
2025-03-21T22:19:08.765581,118647245,44703883,0.0,0.0
2025-03-21T22:19:09.766626,118647245,44703883,0.0,0.0
2025-03-21T22:19:10.768379,118649240,44705799,1995.0,1916.0
2025-03-21T22:19:11.769800,118649240,44705799,0.0,0.0
2025-03-21T22:19:12.771389,118649240,44705799,0.0,0.0
2025-03-21T22:19:13.772465,118651116,44707715,1876.0,1916.0
2025-03-21T22:19:14.774632,118651799,44708360,683.0,645.0
2025-03-21T22:19:15.776883,118651865,44708360,66.0,0.0
2025-03-21T22:19:16.778474,118653741,44710276,1876.0,1916.0
2025-03-21T22:19:17.779372,118653741,44710276,0.0,0.0
2025-03-21T22:19:18.780405,118653741,44710276,0.0,0.0
2025-03-21T22:19:19.782419,118655617,44712192,1876.0,1916.0
2025-03-21T22:19:20.784347,118655617,44712192,0.0,0.0
2025-03-21T22:19:21.786319,118655617,44712192,0.0,0.0
2025-03-21T22:19:22.788160,118657493,44714108,1876.0,1916.0
2025-03-21T22:19:23.789486,118657493,44714108,0.0,0.0
2025-03-21T22:19:24.790739,118657493,44714108,0.0,0.0
2025-03-21T22:19:25.792420,118659369,44716024,1876.0,1916.0
2025-03-21T22:19:26.793469,118659369,44716024,0.0,0.0
2025-03-21T22:19:27.794462,118659411,44716024,42.0,0.0
2025-03-21T22:19:28.795402,118661287,44717940,1876.0,1916.0
2025-03-21T22:19:29.797236,118668393,44721079,7106.0,3139.0
2025-03-21T22:19:30.799220,118669815,44721165,1422.0,86.0
2025-03-21T22:19:31.800432,118671691,44723081,1876.0,1916.0
2025-03-21T22:19:32.802258,118671691,44723081,0.0,0.0
2025-03-21T22:19:33.803293,118671691,44723081,0.0,0.0
2025-03-21T22:19:34.805546,118673567,44724997,1876.0,1916.0
2025-03-21T22:19:35.807359,118673789,44725169,222.0,172.0
2025-03-21T22:19:36.809513,118673789,44725169,0.0,0.0
2025-03-21T22:19:37.811669,118675665,44727085,1876.0,1916.0
2025-03-21T22:19:38.813426,118675665,44727085,0.0,0.0
2025-03-21T22:19:39.815454,118675665,44727085,0.0,0.0
2025-03-21T22:19:40.817536,118677541,44729001,1876.0,1916.0
2025-03-21T22:19:41.819441,118677541,44729001,0.0,0.0
2025-03-21T22:19:42.821274,118677541,44729001,0.0,0.0
2025-03-21T22:19:43.823076,118679417,44730917,1876.0,1916.0
2025-03-21T22:19:44.824898,118679417,44730917,0.0,0.0
2025-03-21T22:19:45.826725,118679417,44730917,0.0,0.0
2025-03-21T22:19:46.828324,118681293,44732833,1876.0,1916.0
2025-03-21T22:19:47.830468,118681293,44732833,0.0,0.0
2025-03-21T22:19:48.832306,118681293,44732833,0.0,0.0
2025-03-21T22:19:49.834417,118683169,44734749,1876.0,1916.0
2025-03-21T22:19:50.836573,118683288,44734749,119.0,0.0
2025-03-21T22:19:51.837531,118683288,44734749,0.0,0.0
2025-03-21T22:19:52.839771,118685164,44736665,1876.0,1916.0
2025-03-21T22:19:53.841981,118685164,44736665,0.0,0.0
2025-03-21T22:19:54.843440,118685164,44736665,0.0,0.0
2025-03-21T22:19:55.845274,118687040,44738581,1876.0,1916.0
2025-03-21T22:19:56.846347,118687040,44738581,0.0,0.0
2025-03-21T22:19:57.848329,118687040,44738581,0.0,0.0
2025-03-21T22:19:58.850248,118688916,44740497,1876.0,1916.0
2025-03-21T22:19:59.852405,118696894,44743348,7978.0,2851.0
2025-03-21T22:20:00.854583,118696894,44743348,0.0,0.0
2025-03-21T22:20:01.855457,118698770,44745264,1876.0,1916.0
2025-03-21T22:20:02.857611,118698770,44745264,0.0,0.0
2025-03-21T22:20:03.859894,118698770,44745264,0.0,0.0
2025-03-21T22:20:04.862117,118702704,44749228,3934.0,3964.0
2025-03-21T22:20:05.863424,118702704,44749228,0.0,0.0
2025-03-21T22:20:06.864507,118712726,44749228,10022.0,0.0
