timestamp,rx_bytes,tx_bytes,rx_rate_bps,tx_rate_bps
2025-04-04T20:48:35.866944,2812080119,1368976096,3738.0,3798.0
2025-04-04T20:48:36.868072,2812080119,1368976096,0.0,0.0
2025-04-04T20:48:37.869946,2812080512,1368976452,393.0,356.0
2025-04-04T20:48:38.872301,2812084250,1368980250,3738.0,3798.0
2025-04-04T20:48:39.873896,2812084250,1368980250,0.0,0.0
2025-04-04T20:48:40.874822,2812084250,1368980250,0.0,0.0
2025-04-04T20:48:41.875787,2812087988,1368984048,3738.0,3798.0
2025-04-04T20:48:42.876810,2812087988,1368984048,0.0,0.0
2025-04-04T20:48:43.879094,2812088030,1368984110,42.0,62.0
2025-04-04T20:48:44.881085,2812091768,1368987908,3738.0,3798.0
2025-04-04T20:48:45.882944,2812091768,1368987908,0.0,0.0
2025-04-04T20:48:46.883928,2812091768,1368987908,0.0,0.0
2025-04-04T20:48:47.886092,2812095506,1368991706,3738.0,3798.0
2025-04-04T20:48:48.888389,2812095506,1368991706,0.0,0.0
2025-04-04T20:48:49.889888,2812095596,1368991816,90.0,110.0
2025-04-04T20:48:50.890805,2812099334,1368995614,3738.0,3798.0
2025-04-04T20:48:51.891801,2812099334,1368995614,0.0,0.0
2025-04-04T20:48:52.892836,2812099334,1368995614,0.0,0.0
2025-04-04T20:48:53.895080,2812103072,1368999412,3738.0,3798.0
2025-04-04T20:48:54.896922,2812103114,1368999474,42.0,62.0
2025-04-04T20:48:55.899284,2812103114,1368999474,0.0,0.0
2025-04-04T20:48:56.901091,2812106852,1369003272,3738.0,3798.0
2025-04-04T20:48:57.903495,2812106852,1369003272,0.0,0.0
2025-04-04T20:48:58.905751,2812106852,1369003272,0.0,0.0
2025-04-04T20:48:59.906942,2812110590,1369007070,3738.0,3798.0
2025-04-04T20:49:00.907868,2812110590,1369007070,0.0,0.0
2025-04-04T20:49:01.909609,2812110590,1369007070,0.0,0.0
2025-04-04T20:49:02.911466,2812114328,1369010868,3738.0,3798.0
2025-04-04T20:49:03.912959,2812114328,1369010868,0.0,0.0
2025-04-04T20:49:04.913915,2812114328,1369010868,0.0,0.0
2025-04-04T20:49:05.916049,2812118066,1369014666,3738.0,3798.0
2025-04-04T20:49:06.918292,2812118108,1369014666,42.0,0.0
2025-04-04T20:49:07.920035,2812118108,1369014666,0.0,0.0
2025-04-04T20:49:08.921069,2812121846,1369018464,3738.0,3798.0
2025-04-04T20:49:09.921904,2812130008,1369021671,8162.0,3207.0
2025-04-04T20:49:10.922814,2812130008,1369021671,0.0,0.0
2025-04-04T20:49:11.923905,2812133746,1369025469,3738.0,3798.0
2025-04-04T20:49:12.925630,2812133746,1369025469,0.0,0.0
2025-04-04T20:49:13.927906,2812133746,1369025469,0.0,0.0
2025-04-04T20:49:14.929723,2812137706,1369029439,3960.0,3970.0
2025-04-04T20:49:15.931912,2812137706,1369029439,0.0,0.0
2025-04-04T20:49:16.934036,2812137706,1369029439,0.0,0.0
2025-04-04T20:49:17.934915,2812141444,1369033237,3738.0,3798.0
2025-04-04T20:49:18.937020,2812141444,1369033237,0.0,0.0
2025-04-04T20:49:19.937918,2812141444,1369033237,0.0,0.0
2025-04-04T20:49:20.939663,2812145182,1369037035,3738.0,3798.0
2025-04-04T20:49:21.941606,2812145182,1369037035,0.0,0.0
2025-04-04T20:49:22.943520,2812145182,1369037035,0.0,0.0
2025-04-04T20:49:23.945763,2812148962,1369040833,3780.0,3798.0
2025-04-04T20:49:24.946845,2812148962,1369040833,0.0,0.0
2025-04-04T20:49:25.948778,2812148962,1369040833,0.0,0.0
2025-04-04T20:49:26.950648,2812152700,1369044631,3738.0,3798.0
2025-04-04T20:49:27.952810,2812152742,1369044631,42.0,0.0
2025-04-04T20:49:28.953953,2812152742,1369044631,0.0,0.0
2025-04-04T20:49:29.954915,2812156522,1369048429,3780.0,3798.0
2025-04-04T20:49:30.956696,2812157266,1369048429,744.0,0.0
2025-04-04T20:49:31.957796,2812157308,1369048429,42.0,0.0
2025-04-04T20:49:32.959544,2812161046,1369052227,3738.0,3798.0
2025-04-04T20:49:33.961705,2812161046,1369052227,0.0,0.0
2025-04-04T20:49:34.962961,2812161046,1369052227,0.0,0.0
2025-04-04T20:49:35.964972,2812164826,1369056025,3780.0,3798.0
2025-04-04T20:49:36.965938,2812164826,1369056025,0.0,0.0
2025-04-04T20:49:37.967245,2812164826,1369056025,0.0,0.0
2025-04-04T20:49:38.969512,2812168564,1369059823,3738.0,3798.0
2025-04-04T20:49:39.971017,2812168564,1369059823,0.0,0.0
2025-04-04T20:49:40.971883,2812168564,1369059823,0.0,0.0
2025-04-04T20:49:41.973630,2812172302,1369063621,3738.0,3798.0
2025-04-04T20:49:42.975387,2812172302,1369063621,0.0,0.0
2025-04-04T20:49:43.977804,2812172302,1369063621,0.0,0.0
2025-04-04T20:49:44.978959,2812176040,1369067419,3738.0,3798.0
2025-04-04T20:49:45.980768,2812176040,1369067419,0.0,0.0
2025-04-04T20:49:46.981974,2812176040,1369067419,0.0,0.0
2025-04-04T20:49:47.983820,2812179778,1369071217,3738.0,3798.0
2025-04-04T20:49:48.985827,2812179778,1369071217,0.0,0.0
2025-04-04T20:49:49.986955,2812179778,1369071217,0.0,0.0
2025-04-04T20:49:50.987819,2812183516,1369075015,3738.0,3798.0
2025-04-04T20:49:51.988837,2812183516,1369075015,0.0,0.0
2025-04-04T20:49:52.990004,2812183516,1369075015,0.0,0.0
2025-04-04T20:49:53.992371,2812187254,1369078813,3738.0,3798.0
2025-04-04T20:49:54.994096,2812187254,1369078813,0.0,0.0
2025-04-04T20:49:55.996068,2812187254,1369078813,0.0,0.0
2025-04-04T20:49:56.996929,2812190992,1369082611,3738.0,3798.0
2025-04-04T20:49:57.998025,2812190992,1369082611,0.0,0.0
2025-04-04T20:49:58.999019,2812190992,1369082611,0.0,0.0
2025-04-04T20:49:59.999909,2812194730,1369086409,3738.0,3798.0
2025-04-04T20:50:01.000801,2812194730,1369086409,0.0,0.0
2025-04-04T20:50:02.001817,2812195166,1369086529,436.0,120.0
2025-04-04T20:50:03.003581,2812198904,1369090327,3738.0,3798.0
2025-04-04T20:50:04.004993,2812198904,1369090327,0.0,0.0
2025-04-04T20:50:05.005918,2812198904,1369090327,0.0,0.0
2025-04-04T20:50:06.007059,2812208580,1369094125,9676.0,3798.0
2025-04-04T20:50:07.008933,2812212798,1369094249,4218.0,124.0
2025-04-04T20:50:08.009928,2812212798,1369094249,0.0,0.0
2025-04-04T20:50:09.010956,2812222552,1369100361,9754.0,6112.0
2025-04-04T20:50:10.012966,2812225313,1369101773,2761.0,1412.0
2025-04-04T20:50:11.014744,2812225313,1369101773,0.0,0.0
2025-04-04T20:50:12.016477,2812229051,1369105571,3738.0,3798.0
2025-04-04T20:50:13.017852,2812229105,1369105571,54.0,0.0
2025-04-04T20:50:14.018959,2812229197,1369105571,92.0,0.0
2025-04-04T20:50:15.019879,2812233157,1369109623,3960.0,4052.0
2025-04-04T20:50:16.020973,2812233211,1369109623,54.0,0.0
2025-04-04T20:50:17.021979,2812233257,1369109623,46.0,0.0
2025-04-04T20:50:18.022881,2812236995,1369113421,3738.0,3798.0
2025-04-04T20:50:19.023900,2812236995,1369113421,0.0,0.0
2025-04-04T20:50:20.024897,2812236995,1369113421,0.0,0.0
2025-04-04T20:50:21.026870,2812240733,1369117219,3738.0,3798.0
2025-04-04T20:50:22.028713,2812240733,1369117219,0.0,0.0
2025-04-04T20:50:23.029823,2812240733,1369117219,0.0,0.0
2025-04-04T20:50:24.031072,2812244471,1369121017,3738.0,3798.0
2025-04-04T20:50:25.031902,2812244471,1369121017,0.0,0.0
2025-04-04T20:50:26.032927,2812244471,1369121017,0.0,0.0
2025-04-04T20:50:27.033916,2812248209,1369124815,3738.0,3798.0
2025-04-04T20:50:28.034916,2812248209,1369124815,0.0,0.0
2025-04-04T20:50:29.036835,2812248209,1369124815,0.0,0.0
2025-04-04T20:50:30.037875,2812251947,1369128613,3738.0,3798.0
2025-04-04T20:50:31.039648,2812251947,1369128613,0.0,0.0
2025-04-04T20:50:32.041378,2812251947,1369128613,0.0,0.0
2025-04-04T20:50:33.043092,2812258973,1369135699,7026.0,7086.0
2025-04-04T20:50:34.044898,2812258973,1369135699,0.0,0.0
2025-04-04T20:50:35.045994,2812258973,1369135699,0.0,0.0
