timestamp,rx_bytes,tx_bytes,rx_rate_bps,tx_rate_bps
2025-03-25T14:39:30.374331,915357627,388222129,1876.0,1916.0
2025-03-25T14:39:31.375361,915357627,388222129,0.0,0.0
2025-03-25T14:39:32.376352,915357627,388222129,0.0,0.0
2025-03-25T14:39:33.378449,915359503,388224045,1876.0,1916.0
2025-03-25T14:39:34.379642,915359503,388224045,0.0,0.0
2025-03-25T14:39:35.381337,915359725,388224217,222.0,172.0
2025-03-25T14:39:36.382357,915361893,388226347,2168.0,2130.0
2025-03-25T14:39:37.384279,915362350,388226778,457.0,431.0
2025-03-25T14:39:38.385305,915362350,388226778,0.0,0.0
2025-03-25T14:39:39.387028,915364345,388228694,1995.0,1916.0
2025-03-25T14:39:40.388765,915364345,388228694,0.0,0.0
2025-03-25T14:39:41.390978,915364345,388228694,0.0,0.0
2025-03-25T14:39:42.392434,915366221,388230610,1876.0,1916.0
2025-03-25T14:39:43.394439,915366221,388230610,0.0,0.0
2025-03-25T14:39:44.395378,915366221,388230610,0.0,0.0
2025-03-25T14:39:45.397487,915368097,388232526,1876.0,1916.0
2025-03-25T14:39:46.399641,915368097,388232526,0.0,0.0
2025-03-25T14:39:47.401917,915368097,388232526,0.0,0.0
2025-03-25T14:39:48.403402,915369973,388234442,1876.0,1916.0
2025-03-25T14:39:49.405199,915369973,388234442,0.0,0.0
2025-03-25T14:39:50.407385,915369973,388234442,0.0,0.0
2025-03-25T14:39:51.409551,915371935,388236358,1962.0,1916.0
2025-03-25T14:39:52.411352,915371935,388236358,0.0,0.0
2025-03-25T14:39:53.412467,915371935,388236358,0.0,0.0
2025-03-25T14:39:54.414276,915373811,388238274,1876.0,1916.0
2025-03-25T14:39:55.415325,915373811,388238274,0.0,0.0
2025-03-25T14:39:56.417050,915373811,388238274,0.0,0.0
2025-03-25T14:39:57.418841,915375687,388240190,1876.0,1916.0
2025-03-25T14:39:58.420428,915375687,388240190,0.0,0.0
2025-03-25T14:39:59.422154,915376060,388240190,373.0,0.0
2025-03-25T14:40:00.423566,915377936,388242106,1876.0,1916.0
2025-03-25T14:40:01.425721,915377936,388242106,0.0,0.0
2025-03-25T14:40:02.427404,915377936,388242106,0.0,0.0
2025-03-25T14:40:03.428443,915379812,388244022,1876.0,1916.0
2025-03-25T14:40:04.429873,915379812,388244022,0.0,0.0
2025-03-25T14:40:05.431467,915379812,388244022,0.0,0.0
2025-03-25T14:40:06.433490,915387626,388245938,7814.0,1916.0
2025-03-25T14:40:07.434569,915391710,388245938,4084.0,0.0
2025-03-25T14:40:08.436386,915391710,388245938,0.0,0.0
2025-03-25T14:40:09.438269,915393586,388247854,1876.0,1916.0
2025-03-25T14:40:10.439423,915393586,388247854,0.0,0.0
2025-03-25T14:40:11.440587,915393586,388247854,0.0,0.0
2025-03-25T14:40:12.442592,915395462,388249770,1876.0,1916.0
2025-03-25T14:40:13.444379,915395462,388249770,0.0,0.0
2025-03-25T14:40:14.446104,915395462,388249770,0.0,0.0
2025-03-25T14:40:15.447306,915397338,388251686,1876.0,1916.0
2025-03-25T14:40:16.448297,915397338,388251686,0.0,0.0
2025-03-25T14:40:17.450024,915397338,388251686,0.0,0.0
2025-03-25T14:40:18.451743,915399214,388253602,1876.0,1916.0
2025-03-25T14:40:19.453899,915399333,388253602,119.0,0.0
2025-03-25T14:40:20.455446,915399333,388253602,0.0,0.0
2025-03-25T14:40:21.456555,915401295,388255518,1962.0,1916.0
2025-03-25T14:40:22.457522,915401295,388255518,0.0,0.0
2025-03-25T14:40:23.459319,915416313,388261422,15018.0,5904.0
2025-03-25T14:40:24.460413,915436372,388271190,20059.0,9768.0
2025-03-25T14:40:25.461375,915472299,388273009,35927.0,1819.0
2025-03-25T14:40:26.462655,915472299,388273009,0.0,0.0
2025-03-25T14:40:27.464380,915474175,388274925,1876.0,1916.0
2025-03-25T14:40:28.465366,915474217,388274987,42.0,62.0
2025-03-25T14:40:29.467220,915475689,388276103,1472.0,1116.0
2025-03-25T14:40:30.468389,915477787,388278191,2098.0,2088.0
2025-03-25T14:40:31.469590,915477787,388278191,0.0,0.0
2025-03-25T14:40:32.471429,915477787,388278191,0.0,0.0
2025-03-25T14:40:33.472604,915479663,388280107,1876.0,1916.0
2025-03-25T14:40:34.474332,915479885,388280279,222.0,172.0
2025-03-25T14:40:35.476060,915479885,388280279,0.0,0.0
2025-03-25T14:40:36.477276,915481761,388282195,1876.0,1916.0
2025-03-25T14:40:37.478976,915481761,388282195,0.0,0.0
2025-03-25T14:40:38.480775,915481761,388282195,0.0,0.0
2025-03-25T14:40:39.482340,915483756,388284111,1995.0,1916.0
2025-03-25T14:40:40.484472,915483756,388284111,0.0,0.0
2025-03-25T14:40:41.486633,915483756,388284111,0.0,0.0
2025-03-25T14:40:42.488441,915485632,388286027,1876.0,1916.0
2025-03-25T14:40:43.489605,915485674,388286027,42.0,0.0
2025-03-25T14:40:44.491908,915485716,388286027,42.0,0.0
2025-03-25T14:40:45.494142,915487634,388287943,1918.0,1916.0
2025-03-25T14:40:46.496340,915487634,388287943,0.0,0.0
2025-03-25T14:40:47.497591,915487676,388287943,42.0,0.0
2025-03-25T14:40:48.499349,915489594,388289859,1918.0,1916.0
2025-03-25T14:40:49.501480,915489636,388289859,42.0,0.0
2025-03-25T14:40:50.503634,915489678,388289859,42.0,0.0
2025-03-25T14:40:51.505443,915491682,388291775,2004.0,1916.0
2025-03-25T14:40:52.507482,915491724,388291775,42.0,0.0
2025-03-25T14:40:53.508491,915491766,388291775,42.0,0.0
2025-03-25T14:40:54.510237,915493684,388293691,1918.0,1916.0
2025-03-25T14:40:55.511392,915493684,388293691,0.0,0.0
2025-03-25T14:40:56.512278,915493726,388293691,42.0,0.0
2025-03-25T14:40:57.514011,915495644,388295607,1918.0,1916.0
2025-03-25T14:40:58.515303,915495686,388295607,42.0,0.0
2025-03-25T14:40:59.516282,915495847,388295607,161.0,0.0
2025-03-25T14:41:00.518364,915497765,388297523,1918.0,1916.0
2025-03-25T14:41:01.520526,915497807,388297523,42.0,0.0
2025-03-25T14:41:02.522367,915498062,388297523,255.0,0.0
2025-03-25T14:41:03.523413,915500193,388299439,2131.0,1916.0
2025-03-25T14:41:04.525566,915500448,388299439,255.0,0.0
2025-03-25T14:41:05.527789,915500703,388299439,255.0,0.0
2025-03-25T14:41:06.530008,915502671,388301355,1968.0,1916.0
2025-03-25T14:41:07.532054,915502713,388301355,42.0,0.0
2025-03-25T14:41:08.533919,915502755,388301355,42.0,0.0
2025-03-25T14:41:09.535979,915504673,388303271,1918.0,1916.0
2025-03-25T14:41:10.538105,915504715,388303271,42.0,0.0
2025-03-25T14:41:11.540245,915504757,388303271,42.0,0.0
2025-03-25T14:41:12.542083,915506783,388305187,2026.0,1916.0
2025-03-25T14:41:13.543629,915506879,388305187,96.0,0.0
2025-03-25T14:41:14.545339,915506921,388305187,42.0,0.0
2025-03-25T14:41:15.546362,915508893,388307185,1972.0,1998.0
2025-03-25T14:41:16.548256,915508935,388307185,42.0,0.0
2025-03-25T14:41:17.550158,915508977,388307185,42.0,0.0
2025-03-25T14:41:18.552082,915510895,388309101,1918.0,1916.0
2025-03-25T14:41:19.553291,915511056,388309101,161.0,0.0
2025-03-25T14:41:20.555645,915511098,388309101,42.0,0.0
2025-03-25T14:41:21.557657,915513102,388311017,2004.0,1916.0
2025-03-25T14:41:22.559404,915513102,388311017,0.0,0.0
2025-03-25T14:41:23.560411,915513144,388311017,42.0,0.0
2025-03-25T14:41:24.561456,915515062,388312933,1918.0,1916.0
2025-03-25T14:41:25.562422,915531582,388319665,16520.0,6732.0
2025-03-25T14:41:26.563546,915543762,388325845,12180.0,6180.0
2025-03-25T14:41:27.565470,915587636,388332040,43874.0,6195.0
2025-03-25T14:41:28.566436,915587678,388332040,42.0,0.0
2025-03-25T14:41:29.567403,915589192,388333156,1514.0,1116.0
