timestamp,rx_bytes,tx_bytes,rx_rate_bps,tx_rate_bps
2025-03-24T04:55:51.907492,515782794,238812737,1876.0,1916.0
2025-03-24T04:55:52.908736,515782794,238812737,0.0,0.0
2025-03-24T04:55:53.910401,515782794,238812737,0.0,0.0
2025-03-24T04:55:54.911445,515784670,238814653,1876.0,1916.0
2025-03-24T04:55:55.912661,515784670,238814653,0.0,0.0
2025-03-24T04:55:56.914558,515784670,238814653,0.0,0.0
2025-03-24T04:55:57.916639,515786546,238816569,1876.0,1916.0
2025-03-24T04:55:58.918446,515786546,238816569,0.0,0.0
2025-03-24T04:55:59.920377,515795085,238819939,8539.0,3370.0
2025-03-24T04:56:00.921421,515796961,238821855,1876.0,1916.0
2025-03-24T04:56:01.922434,515796961,238821855,0.0,0.0
2025-03-24T04:56:02.924609,515796961,238821855,0.0,0.0
2025-03-24T04:56:03.926425,515798887,238823771,1926.0,1916.0
2025-03-24T04:56:04.928251,515799193,238824067,306.0,296.0
2025-03-24T04:56:05.930075,515809215,238824067,10022.0,0.0
2025-03-24T04:56:06.931583,515811137,238825983,1922.0,1916.0
2025-03-24T04:56:07.933816,515811191,238825983,54.0,0.0
2025-03-24T04:56:08.935578,515811191,238825983,0.0,0.0
2025-03-24T04:56:09.937782,515813067,238827899,1876.0,1916.0
2025-03-24T04:56:10.939598,515813067,238827899,0.0,0.0
2025-03-24T04:56:11.941491,515813067,238827981,0.0,82.0
2025-03-24T04:56:12.943493,515814943,238829897,1876.0,1916.0
2025-03-24T04:56:13.945301,515814997,238829897,54.0,0.0
2025-03-24T04:56:14.946382,515814997,238829897,0.0,0.0
2025-03-24T04:56:15.947444,515816873,238831813,1876.0,1916.0
2025-03-24T04:56:16.948446,515816873,238831813,0.0,0.0
2025-03-24T04:56:17.950538,515816873,238831813,0.0,0.0
2025-03-24T04:56:18.952346,515818749,238833729,1876.0,1916.0
2025-03-24T04:56:19.953467,515818749,238833729,0.0,0.0
2025-03-24T04:56:20.955512,515818749,238833729,0.0,0.0
2025-03-24T04:56:21.956389,515820625,238835645,1876.0,1916.0
2025-03-24T04:56:22.957439,515820625,238835645,0.0,0.0
2025-03-24T04:56:23.959614,515820625,238835645,0.0,0.0
2025-03-24T04:56:24.961433,515822501,238837561,1876.0,1916.0
2025-03-24T04:56:25.963248,515822501,238837561,0.0,0.0
2025-03-24T04:56:26.965229,515822501,238837561,0.0,0.0
2025-03-24T04:56:27.966437,515824419,238839477,1918.0,1916.0
2025-03-24T04:56:28.968558,515824419,238839477,0.0,0.0
2025-03-24T04:56:29.969474,515824419,238839477,0.0,0.0
2025-03-24T04:56:30.970755,515826295,238841393,1876.0,1916.0
2025-03-24T04:56:31.972584,515826295,238841393,0.0,0.0
2025-03-24T04:56:32.973432,515826295,238841393,0.0,0.0
2025-03-24T04:56:33.975769,515828171,238843309,1876.0,1916.0
2025-03-24T04:56:34.977321,515828171,238843309,0.0,0.0
2025-03-24T04:56:35.979039,515828171,238843309,0.0,0.0
2025-03-24T04:56:36.981025,515830047,238845225,1876.0,1916.0
2025-03-24T04:56:37.982443,515830047,238845225,0.0,0.0
2025-03-24T04:56:38.983406,515830047,238845225,0.0,0.0
2025-03-24T04:56:39.985539,515831923,238847141,1876.0,1916.0
2025-03-24T04:56:40.986470,515831923,238847141,0.0,0.0
2025-03-24T04:56:41.987574,515831923,238847141,0.0,0.0
2025-03-24T04:56:42.989777,515833799,238849057,1876.0,1916.0
2025-03-24T04:56:43.991579,515833799,238849057,0.0,0.0
2025-03-24T04:56:44.994013,515833799,238849057,0.0,0.0
2025-03-24T04:56:45.995527,515835675,238850973,1876.0,1916.0
2025-03-24T04:56:46.996439,515835675,238850973,0.0,0.0
2025-03-24T04:56:47.998257,515835675,238850973,0.0,0.0
2025-03-24T04:56:48.999419,515837551,238852889,1876.0,1916.0
2025-03-24T04:56:50.000562,515837551,238852889,0.0,0.0
2025-03-24T04:56:51.001492,515837551,238852889,0.0,0.0
2025-03-24T04:56:52.002427,515839427,238854805,1876.0,1916.0
2025-03-24T04:56:53.004533,515839427,238854805,0.0,0.0
2025-03-24T04:56:54.005420,515839427,238854805,0.0,0.0
2025-03-24T04:56:55.007251,515841303,238856721,1876.0,1916.0
2025-03-24T04:56:56.008395,515841303,238856721,0.0,0.0
2025-03-24T04:56:57.010245,515841303,238856721,0.0,0.0
2025-03-24T04:56:58.011987,515843179,238858637,1876.0,1916.0
2025-03-24T04:56:59.013359,515843179,238858637,0.0,0.0
2025-03-24T04:57:00.014392,515851157,238861476,7978.0,2839.0
2025-03-24T04:57:01.016540,515853033,238863392,1876.0,1916.0
2025-03-24T04:57:02.017423,515853033,238863392,0.0,0.0
2025-03-24T04:57:03.019238,515853033,238863392,0.0,0.0
2025-03-24T04:57:04.021409,515854909,238865308,1876.0,1916.0
2025-03-24T04:57:05.023276,515855215,238865604,306.0,296.0
2025-03-24T04:57:06.025434,515855215,238865604,0.0,0.0
2025-03-24T04:57:07.027167,515857091,238867520,1876.0,1916.0
2025-03-24T04:57:08.028964,515857091,238867520,0.0,0.0
2025-03-24T04:57:09.030786,515857091,238867520,0.0,0.0
2025-03-24T04:57:10.032385,515858967,238869436,1876.0,1916.0
2025-03-24T04:57:11.034247,515858967,238869436,0.0,0.0
2025-03-24T04:57:12.036313,515858967,238869436,0.0,0.0
2025-03-24T04:57:13.037395,515860843,238871352,1876.0,1916.0
2025-03-24T04:57:14.039375,515860843,238871352,0.0,0.0
2025-03-24T04:57:15.041363,515860843,238871352,0.0,0.0
2025-03-24T04:57:16.043203,515862719,238873268,1876.0,1916.0
2025-03-24T04:57:17.045049,515862719,238873268,0.0,0.0
2025-03-24T04:57:18.046376,515862719,238873268,0.0,0.0
2025-03-24T04:57:19.047588,515864595,238875184,1876.0,1916.0
2025-03-24T04:57:20.049391,515864595,238875184,0.0,0.0
2025-03-24T04:57:21.050399,515864595,238875184,0.0,0.0
2025-03-24T04:57:22.052383,515866471,238877100,1876.0,1916.0
2025-03-24T04:57:23.053410,515866471,238877100,0.0,0.0
2025-03-24T04:57:24.054438,515866471,238877100,0.0,0.0
2025-03-24T04:57:25.056570,515868347,238879016,1876.0,1916.0
2025-03-24T04:57:26.058370,515868347,238879016,0.0,0.0
2025-03-24T04:57:27.059444,515868347,238879016,0.0,0.0
2025-03-24T04:57:28.061617,515870223,238880932,1876.0,1916.0
2025-03-24T04:57:29.063469,515870223,238880932,0.0,0.0
2025-03-24T04:57:30.065189,515870223,238880932,0.0,0.0
2025-03-24T04:57:31.066518,515872099,238882848,1876.0,1916.0
2025-03-24T04:57:32.068359,515872099,238882848,0.0,0.0
2025-03-24T04:57:33.070213,515872099,238882848,0.0,0.0
2025-03-24T04:57:34.072373,515873975,238884764,1876.0,1916.0
2025-03-24T04:57:35.073588,515873975,238884764,0.0,0.0
2025-03-24T04:57:36.075865,515873975,238884764,0.0,0.0
2025-03-24T04:57:37.078023,515875851,238886680,1876.0,1916.0
2025-03-24T04:57:38.079871,515875851,238886680,0.0,0.0
2025-03-24T04:57:39.082095,515875851,238886680,0.0,0.0
2025-03-24T04:57:40.083901,515877727,238888596,1876.0,1916.0
2025-03-24T04:57:41.085413,515877727,238888596,0.0,0.0
2025-03-24T04:57:42.086458,515877727,238888596,0.0,0.0
2025-03-24T04:57:43.088308,515880039,238890632,2312.0,2036.0
2025-03-24T04:57:44.090551,515880039,238890632,0.0,0.0
2025-03-24T04:57:45.091414,515880039,238890632,0.0,0.0
2025-03-24T04:57:46.093249,515881915,238892548,1876.0,1916.0
2025-03-24T04:57:47.095107,515881915,238892548,0.0,0.0
2025-03-24T04:57:48.096664,515881957,238892610,42.0,62.0
2025-03-24T04:57:49.098961,515885277,238895970,3320.0,3360.0
2025-03-24T04:57:50.100899,515885277,238895970,0.0,0.0
2025-03-24T04:57:51.102516,515885277,238895970,0.0,0.0
