timestamp,rx_bytes,tx_bytes,rx_rate_bps,tx_rate_bps
2025-03-26T23:47:33.522762,1205210544,508728408,938.0,958.0
2025-03-26T23:47:34.524498,1205210544,508728408,0.0,0.0
2025-03-26T23:47:35.526302,1205211482,508729366,938.0,958.0
2025-03-26T23:47:36.528106,1205212420,508730324,938.0,958.0
2025-03-26T23:47:37.530052,1205212420,508730324,0.0,0.0
2025-03-26T23:47:38.531892,1205213358,508731282,938.0,958.0
2025-03-26T23:47:39.533577,1205214296,508732240,938.0,958.0
2025-03-26T23:47:40.535851,1205214296,508732240,0.0,0.0
2025-03-26T23:47:41.537975,1205215234,508733198,938.0,958.0
2025-03-26T23:47:42.539831,1205216172,508734156,938.0,958.0
2025-03-26T23:47:43.541644,1205216172,508734276,0.0,120.0
2025-03-26T23:47:44.543468,1205217546,508735234,1374.0,958.0
2025-03-26T23:47:45.544431,1205218484,508736192,938.0,958.0
2025-03-26T23:47:46.546603,1205218484,508736192,0.0,0.0
2025-03-26T23:47:47.548354,1205219422,508737150,938.0,958.0
2025-03-26T23:47:48.550076,1205220360,508738108,938.0,958.0
2025-03-26T23:47:49.551887,1205220402,508738170,42.0,62.0
2025-03-26T23:47:50.553711,1205221340,508739128,938.0,958.0
2025-03-26T23:47:51.555362,1205222278,508740086,938.0,958.0
2025-03-26T23:47:52.557554,1205222278,508740086,0.0,0.0
2025-03-26T23:47:53.558461,1205223216,508741044,938.0,958.0
2025-03-26T23:47:54.559473,1205224154,508742002,938.0,958.0
2025-03-26T23:47:55.561457,1205224154,508742002,0.0,0.0
2025-03-26T23:47:56.563454,1205225092,508742960,938.0,958.0
2025-03-26T23:47:57.565299,1205226030,508743918,938.0,958.0
2025-03-26T23:47:58.567515,1205226030,508743918,0.0,0.0
2025-03-26T23:47:59.568623,1205235507,508748418,9477.0,4500.0
2025-03-26T23:48:00.570452,1205236577,508749376,1070.0,958.0
2025-03-26T23:48:01.572306,1205236577,508749376,0.0,0.0
2025-03-26T23:48:02.573461,1205237515,508750334,938.0,958.0
2025-03-26T23:48:03.574436,1205238453,508751292,938.0,958.0
2025-03-26T23:48:04.575408,1205238717,508751526,264.0,234.0
2025-03-26T23:48:05.576386,1205243618,508752484,4901.0,958.0
2025-03-26T23:48:06.578345,1205250615,508753442,6997.0,958.0
2025-03-26T23:48:07.580325,1205250615,508753442,0.0,0.0
2025-03-26T23:48:08.581410,1205251553,508754400,938.0,958.0
2025-03-26T23:48:09.582425,1205252491,508755358,938.0,958.0
2025-03-26T23:48:10.584342,1205252491,508755358,0.0,0.0
2025-03-26T23:48:11.585491,1205253429,508756316,938.0,958.0
2025-03-26T23:48:12.586377,1205254367,508757274,938.0,958.0
2025-03-26T23:48:13.587391,1205254367,508757274,0.0,0.0
2025-03-26T23:48:14.588412,1205255305,508758232,938.0,958.0
2025-03-26T23:48:15.589413,1205256243,508759190,938.0,958.0
2025-03-26T23:48:16.591583,1205256243,508759190,0.0,0.0
2025-03-26T23:48:17.592554,1205257181,508760148,938.0,958.0
2025-03-26T23:48:18.593458,1205258119,508761106,938.0,958.0
2025-03-26T23:48:19.595811,1205258119,508761106,0.0,0.0
2025-03-26T23:48:20.598025,1205259057,508762064,938.0,958.0
2025-03-26T23:48:21.599505,1205259995,508763022,938.0,958.0
2025-03-26T23:48:22.601340,1205259995,508763022,0.0,0.0
2025-03-26T23:48:23.602533,1205260933,508763980,938.0,958.0
2025-03-26T23:48:24.604519,1205261871,508764938,938.0,958.0
2025-03-26T23:48:25.606522,1205261871,508764938,0.0,0.0
2025-03-26T23:48:26.607390,1205262809,508765896,938.0,958.0
2025-03-26T23:48:27.608396,1205263747,508766854,938.0,958.0
2025-03-26T23:48:28.609411,1205263747,508766854,0.0,0.0
2025-03-26T23:48:29.610401,1205264685,508767812,938.0,958.0
2025-03-26T23:48:30.611383,1205265623,508768770,938.0,958.0
2025-03-26T23:48:31.613226,1205281506,508774937,15883.0,6167.0
2025-03-26T23:48:32.615209,1205300257,508784394,18751.0,9457.0
2025-03-26T23:48:33.616413,1205336032,508786212,35775.0,1818.0
2025-03-26T23:48:34.618243,1205336032,508786212,0.0,0.0
2025-03-26T23:48:35.620107,1205336648,508787170,616.0,958.0
2025-03-26T23:48:36.621964,1205337950,508788190,1302.0,1020.0
2025-03-26T23:48:37.623405,1205337950,508788190,0.0,0.0
2025-03-26T23:48:38.624579,1205339332,508789406,1382.0,1216.0
2025-03-26T23:48:39.626429,1205340378,508790364,1046.0,958.0
2025-03-26T23:48:40.628603,1205340424,508790364,46.0,0.0
2025-03-26T23:48:41.630860,1205341362,508791322,938.0,958.0
2025-03-26T23:48:42.632706,1205342300,508792280,938.0,958.0
2025-03-26T23:48:43.634981,1205342300,508792280,0.0,0.0
2025-03-26T23:48:44.636631,1205343284,508793238,984.0,958.0
2025-03-26T23:48:45.638347,1205344222,508794196,938.0,958.0
2025-03-26T23:48:46.640523,1205344322,508794196,100.0,0.0
2025-03-26T23:48:47.641424,1205345260,508795154,938.0,958.0
2025-03-26T23:48:48.642397,1205346376,508796284,1116.0,1130.0
2025-03-26T23:48:49.643429,1205346376,508796284,0.0,0.0
2025-03-26T23:48:50.645283,1205347356,508797242,980.0,958.0
2025-03-26T23:48:51.646407,1205348336,508798200,980.0,958.0
2025-03-26T23:48:52.648247,1205348336,508798200,0.0,0.0
2025-03-26T23:48:53.650405,1205349274,508799158,938.0,958.0
2025-03-26T23:48:54.651409,1205350212,508800116,938.0,958.0
2025-03-26T23:48:55.653420,1205350212,508800116,0.0,0.0
2025-03-26T23:48:56.655627,1205351192,508801074,980.0,958.0
2025-03-26T23:48:57.657623,1205352130,508802032,938.0,958.0
2025-03-26T23:48:58.659470,1205352130,508802032,0.0,0.0
2025-03-26T23:48:59.661628,1205361046,508805829,8916.0,3797.0
2025-03-26T23:49:00.663375,1205361984,508806787,938.0,958.0
2025-03-26T23:49:01.664379,1205361984,508806787,0.0,0.0
2025-03-26T23:49:02.666200,1205362600,508807745,616.0,958.0
2025-03-26T23:49:03.668179,1205363860,508808703,1260.0,958.0
2025-03-26T23:49:04.669727,1205364082,508808875,222.0,172.0
2025-03-26T23:49:05.671981,1205365020,508809833,938.0,958.0
2025-03-26T23:49:06.674184,1205365958,508810791,938.0,958.0
2025-03-26T23:49:07.676023,1205365958,508810791,0.0,0.0
2025-03-26T23:49:08.678220,1205366896,508811749,938.0,958.0
2025-03-26T23:49:09.680387,1205367876,508812769,980.0,1020.0
2025-03-26T23:49:10.681409,1205367876,508812769,0.0,0.0
2025-03-26T23:49:11.683250,1205369248,508814224,1372.0,1455.0
2025-03-26T23:49:12.686575,1205376305,508820632,7057.0,6408.0
2025-03-26T23:49:13.688409,1205421683,508827829,45378.0,7197.0
2025-03-26T23:49:14.690184,1205431843,508828873,10160.0,1044.0
2025-03-26T23:49:15.691915,1205432781,508829831,938.0,958.0
2025-03-26T23:49:16.693596,1205432781,508829831,0.0,0.0
2025-03-26T23:49:17.694491,1205433773,508830789,992.0,958.0
2025-03-26T23:49:18.695404,1205434921,508831943,1148.0,1154.0
2025-03-26T23:49:19.697669,1205434921,508831943,0.0,0.0
2025-03-26T23:49:20.698861,1205435537,508832901,616.0,958.0
2025-03-26T23:49:21.700415,1205436851,508833859,1314.0,958.0
2025-03-26T23:49:22.701518,1205436851,508833859,0.0,0.0
2025-03-26T23:49:23.703518,1205437789,508834817,938.0,958.0
2025-03-26T23:49:24.704529,1205438727,508835775,938.0,958.0
2025-03-26T23:49:25.705399,1205438727,508835775,0.0,0.0
2025-03-26T23:49:26.706373,1205439665,508836733,938.0,958.0
2025-03-26T23:49:27.707353,1205440603,508837691,938.0,958.0
2025-03-26T23:49:28.708353,1205440603,508837691,0.0,0.0
2025-03-26T23:49:29.710381,1205444236,508842365,3633.0,4674.0
2025-03-26T23:49:30.711325,1205452410,508844843,8174.0,2478.0
2025-03-26T23:49:31.712404,1205452410,508844843,0.0,0.0
2025-03-26T23:49:32.713554,1205453040,508845493,630.0,650.0
