timestamp,rx_bytes,tx_bytes,rx_rate_bps,tx_rate_bps
2025-03-27T08:17:52.789992,1320297018,541459623,1978.0,1916.0
2025-03-27T08:17:53.791612,1320297060,541459623,42.0,0.0
2025-03-27T08:17:54.793234,1320297239,541459623,179.0,0.0
2025-03-27T08:17:55.794341,1320299157,541461539,1918.0,1916.0
2025-03-27T08:17:56.795326,1320299259,541461539,102.0,0.0
2025-03-27T08:17:57.796386,1320319284,541469143,20025.0,7604.0
2025-03-27T08:17:58.797519,1320370390,541479168,51106.0,10025.0
2025-03-27T08:17:59.799837,1320371904,541480284,1514.0,1116.0
2025-03-27T08:18:00.801374,1320372006,541480284,102.0,0.0
2025-03-27T08:18:01.802419,1320373924,541482200,1918.0,1916.0
2025-03-27T08:18:02.804727,1320374026,541482200,102.0,0.0
2025-03-27T08:18:03.806373,1320374367,541482372,341.0,172.0
2025-03-27T08:18:04.807425,1320376567,541484460,2200.0,2088.0
2025-03-27T08:18:05.809747,1320376609,541484460,42.0,0.0
2025-03-27T08:18:06.811372,1320385230,541484460,8621.0,0.0
2025-03-27T08:18:07.812373,1320387106,541486376,1876.0,1916.0
2025-03-27T08:18:08.813390,1320387106,541486376,0.0,0.0
2025-03-27T08:18:09.814434,1320387183,541486376,77.0,0.0
2025-03-27T08:18:10.815549,1320389119,541488292,1936.0,1916.0
2025-03-27T08:18:11.817897,1320389119,541488292,0.0,0.0
2025-03-27T08:18:12.819430,1320389256,541488292,137.0,0.0
2025-03-27T08:18:13.820710,1320391132,541490208,1876.0,1916.0
2025-03-27T08:18:14.823062,1320391192,541490208,60.0,0.0
2025-03-27T08:18:15.824588,1320391269,541490208,77.0,0.0
2025-03-27T08:18:16.826462,1320393205,541492124,1936.0,1916.0
2025-03-27T08:18:17.828643,1320393205,541492124,0.0,0.0
2025-03-27T08:18:18.830431,1320393342,541492124,137.0,0.0
2025-03-27T08:18:19.831368,1320395218,541494040,1876.0,1916.0
2025-03-27T08:18:20.832376,1320395410,541494212,192.0,172.0
2025-03-27T08:18:21.833447,1320395487,541494212,77.0,0.0
2025-03-27T08:18:22.835651,1320397423,541496128,1936.0,1916.0
2025-03-27T08:18:23.838085,1320397423,541496128,0.0,0.0
2025-03-27T08:18:24.839438,1320397560,541496128,137.0,0.0
2025-03-27T08:18:25.841812,1320399478,541498106,1918.0,1978.0
2025-03-27T08:18:26.844042,1320399538,541498106,60.0,0.0
2025-03-27T08:18:27.845442,1320399615,541498106,77.0,0.0
2025-03-27T08:18:28.847793,1320401551,541500022,1936.0,1916.0
2025-03-27T08:18:29.849533,1320401628,541500022,77.0,0.0
2025-03-27T08:18:30.850313,1320401688,541500022,60.0,0.0
2025-03-27T08:18:31.851378,1320403564,541501938,1876.0,1916.0
2025-03-27T08:18:32.852425,1320403624,541501938,60.0,0.0
2025-03-27T08:18:33.854281,1320403701,541501938,77.0,0.0
2025-03-27T08:18:34.856457,1320405637,541503854,1936.0,1916.0
2025-03-27T08:18:35.858472,1320405637,541503854,0.0,0.0
2025-03-27T08:18:36.859535,1320405774,541503854,137.0,0.0
2025-03-27T08:18:37.861900,1320407650,541505770,1876.0,1916.0
2025-03-27T08:18:38.864120,1320407787,541505770,137.0,0.0
2025-03-27T08:18:39.865466,1320407787,541505770,0.0,0.0
2025-03-27T08:18:40.867632,1320409723,541507686,1936.0,1916.0
2025-03-27T08:18:41.869373,1320409723,541507686,0.0,0.0
2025-03-27T08:18:42.870312,1320409860,541507686,137.0,0.0
2025-03-27T08:18:43.871365,1320411736,541509602,1876.0,1916.0
2025-03-27T08:18:44.872542,1320411736,541509602,0.0,0.0
2025-03-27T08:18:45.874361,1320411873,541509602,137.0,0.0
2025-03-27T08:18:46.876328,1320413749,541511518,1876.0,1916.0
2025-03-27T08:18:47.877664,1320413886,541511518,137.0,0.0
2025-03-27T08:18:48.879506,1320413946,541511518,60.0,0.0
2025-03-27T08:18:49.881589,1320415822,541513434,1876.0,1916.0
2025-03-27T08:18:50.883612,1320415822,541513434,0.0,0.0
2025-03-27T08:18:51.885421,1320415959,541513434,137.0,0.0
2025-03-27T08:18:52.886382,1320417877,541515350,1918.0,1916.0
2025-03-27T08:18:53.888053,1320417979,541515350,102.0,0.0
2025-03-27T08:18:54.889382,1320418098,541515350,119.0,0.0
2025-03-27T08:18:55.890460,1320420034,541517266,1936.0,1916.0
2025-03-27T08:18:56.891527,1320420111,541517266,77.0,0.0
2025-03-27T08:18:57.892512,1320420171,541517266,60.0,0.0
2025-03-27T08:18:58.893378,1320422047,541519182,1876.0,1916.0
2025-03-27T08:18:59.895004,1320456279,541532941,34232.0,13759.0
2025-03-27T08:19:00.896442,1320499298,541538250,43019.0,5309.0
2025-03-27T08:19:01.897575,1320501234,541540166,1936.0,1916.0
2025-03-27T08:19:02.899626,1320501234,541540166,0.0,0.0
2025-03-27T08:19:03.901451,1320501475,541540166,241.0,0.0
2025-03-27T08:19:04.902460,1320503439,541542144,1964.0,1978.0
2025-03-27T08:19:05.904210,1320504270,541542832,831.0,688.0
2025-03-27T08:19:06.906022,1320504444,541542832,174.0,0.0
2025-03-27T08:19:07.907792,1320506380,541544830,1936.0,1998.0
2025-03-27T08:19:08.909437,1320506511,541544830,131.0,0.0
2025-03-27T08:19:09.910579,1320506571,541544830,60.0,0.0
2025-03-27T08:19:10.911612,1320508447,541546746,1876.0,1916.0
2025-03-27T08:19:11.913356,1320508553,541546746,106.0,0.0
2025-03-27T08:19:12.914566,1320508630,541546746,77.0,0.0
2025-03-27T08:19:13.915484,1320510566,541548662,1936.0,1916.0
2025-03-27T08:19:14.917651,1320510643,541548662,77.0,0.0
2025-03-27T08:19:15.919481,1320518324,541548662,7681.0,0.0
2025-03-27T08:19:16.920371,1320522122,541550578,3798.0,1916.0
2025-03-27T08:19:17.922175,1320522259,541550578,137.0,0.0
2025-03-27T08:19:18.923401,1320522259,541550578,0.0,0.0
2025-03-27T08:19:19.924418,1320524195,541552494,1936.0,1916.0
2025-03-27T08:19:20.925460,1320524272,541552494,77.0,0.0
2025-03-27T08:19:21.926423,1320524332,541552494,60.0,0.0
2025-03-27T08:19:22.927441,1320526208,541554410,1876.0,1916.0
2025-03-27T08:19:23.928572,1320526345,541554410,137.0,0.0
2025-03-27T08:19:24.930374,1320526345,541554410,0.0,0.0
2025-03-27T08:19:25.931414,1320528281,541556326,1936.0,1916.0
2025-03-27T08:19:26.933665,1320528358,541556326,77.0,0.0
2025-03-27T08:19:27.935378,1320528418,541556326,60.0,0.0
2025-03-27T08:19:28.936396,1320530294,541558242,1876.0,1916.0
2025-03-27T08:19:29.937369,1320538219,541560900,7925.0,2658.0
2025-03-27T08:19:30.938616,1320538219,541560900,0.0,0.0
2025-03-27T08:19:31.940490,1320540155,541562816,1936.0,1916.0
2025-03-27T08:19:32.941724,1320540232,541562816,77.0,0.0
2025-03-27T08:19:33.943556,1320540292,541562816,60.0,0.0
2025-03-27T08:19:34.944389,1320542390,541564904,2098.0,2088.0
2025-03-27T08:19:35.945724,1320542527,541564904,137.0,0.0
2025-03-27T08:19:36.947649,1320543210,541565549,683.0,645.0
2025-03-27T08:19:37.949465,1320545212,541567465,2002.0,1916.0
2025-03-27T08:19:38.951630,1320545289,541567465,77.0,0.0
2025-03-27T08:19:39.953402,1320545349,541567465,60.0,0.0
2025-03-27T08:19:40.955200,1320547225,541569381,1876.0,1916.0
2025-03-27T08:19:41.956375,1320547416,541569381,191.0,0.0
2025-03-27T08:19:42.957432,1320547416,541569381,0.0,0.0
2025-03-27T08:19:43.959431,1320549346,541571297,1930.0,1916.0
2025-03-27T08:19:44.960564,1320549423,541571297,77.0,0.0
2025-03-27T08:19:45.962418,1320549483,541571297,60.0,0.0
2025-03-27T08:19:46.964595,1320551359,541573213,1876.0,1916.0
2025-03-27T08:19:47.966795,1320551496,541573213,137.0,0.0
2025-03-27T08:19:48.968422,1320551496,541573213,0.0,0.0
2025-03-27T08:19:49.970590,1320554876,541576573,3380.0,3360.0
2025-03-27T08:19:50.972384,1320554953,541576573,77.0,0.0
2025-03-27T08:19:51.973390,1320555013,541576573,60.0,0.0
