timestamp,rx_bytes,tx_bytes,rx_rate_bps,tx_rate_bps
2025-03-24T05:52:06.406477,521723164,242096273,11898.0,1916.0
2025-03-24T05:52:07.407345,521723164,242096273,0.0,0.0
2025-03-24T05:52:08.408427,521723164,242096273,0.0,0.0
2025-03-24T05:52:09.409294,521725040,242098189,1876.0,1916.0
2025-03-24T05:52:10.410526,521725040,242098189,0.0,0.0
2025-03-24T05:52:11.411577,521725040,242098189,0.0,0.0
2025-03-24T05:52:12.413551,521726916,242100105,1876.0,1916.0
2025-03-24T05:52:13.415761,521726916,242100105,0.0,0.0
2025-03-24T05:52:14.417528,521726916,242100105,0.0,0.0
2025-03-24T05:52:15.419571,521728792,242102021,1876.0,1916.0
2025-03-24T05:52:16.420402,521728792,242102021,0.0,0.0
2025-03-24T05:52:17.421437,521728792,242102021,0.0,0.0
2025-03-24T05:52:18.422432,521730718,242103937,1926.0,1916.0
2025-03-24T05:52:19.423561,521730718,242103937,0.0,0.0
2025-03-24T05:52:20.425363,521730772,242103937,54.0,0.0
2025-03-24T05:52:21.426434,521732648,242105935,1876.0,1998.0
2025-03-24T05:52:22.428295,521732648,242105935,0.0,0.0
2025-03-24T05:52:23.430449,521732648,242105935,0.0,0.0
2025-03-24T05:52:24.431414,521734578,242107851,1930.0,1916.0
2025-03-24T05:52:25.433744,521734578,242107851,0.0,0.0
2025-03-24T05:52:26.435970,521734867,242107851,289.0,0.0
2025-03-24T05:52:27.437410,521736797,242109767,1930.0,1916.0
2025-03-24T05:52:28.439662,521736797,242109767,0.0,0.0
2025-03-24T05:52:29.441507,521736797,242109767,0.0,0.0
2025-03-24T05:52:30.442354,521738673,242111683,1876.0,1916.0
2025-03-24T05:52:31.443635,521738673,242111683,0.0,0.0
2025-03-24T05:52:32.445426,521738673,242111683,0.0,0.0
2025-03-24T05:52:33.447296,521740549,242113599,1876.0,1916.0
2025-03-24T05:52:34.449397,521740549,242113599,0.0,0.0
2025-03-24T05:52:35.451281,521740549,242113599,0.0,0.0
2025-03-24T05:52:36.453450,521742425,242115515,1876.0,1916.0
2025-03-24T05:52:37.454562,521742425,242115515,0.0,0.0
2025-03-24T05:52:38.456445,521742425,242115515,0.0,0.0
2025-03-24T05:52:39.458451,521744301,242117431,1876.0,1916.0
2025-03-24T05:52:40.460249,521744301,242117431,0.0,0.0
2025-03-24T05:52:41.462066,521744301,242117431,0.0,0.0
2025-03-24T05:52:42.463417,521746177,242119347,1876.0,1916.0
2025-03-24T05:52:43.465267,521746613,242119467,436.0,120.0
2025-03-24T05:52:44.466945,521746613,242119467,0.0,0.0
2025-03-24T05:52:45.468487,521748489,242121383,1876.0,1916.0
2025-03-24T05:52:46.470469,521748489,242121383,0.0,0.0
2025-03-24T05:52:47.472343,521748489,242121383,0.0,0.0
2025-03-24T05:52:48.473414,521750449,242123423,1960.0,2040.0
2025-03-24T05:52:49.475570,521750449,242123423,0.0,0.0
2025-03-24T05:52:50.477387,521750449,242123423,0.0,0.0
2025-03-24T05:52:51.479216,521752325,242125339,1876.0,1916.0
2025-03-24T05:52:52.481017,521752325,242125339,0.0,0.0
2025-03-24T05:52:53.482499,521752325,242125339,0.0,0.0
2025-03-24T05:52:54.484617,521754201,242127255,1876.0,1916.0
2025-03-24T05:52:55.486604,521770679,242133987,16478.0,6732.0
2025-03-24T05:52:56.488394,521823329,242143002,52650.0,9015.0
2025-03-24T05:52:57.489569,521881690,242151766,58361.0,8764.0
2025-03-24T05:52:58.490385,521881690,242151766,0.0,0.0
2025-03-24T05:52:59.492660,521883162,242152882,1472.0,1116.0
2025-03-24T05:53:00.494440,521885038,242154798,1876.0,1916.0
2025-03-24T05:53:01.496244,521885260,242154970,222.0,172.0
2025-03-24T05:53:02.498106,521885260,242154970,0.0,0.0
2025-03-24T05:53:03.499434,521887136,242156886,1876.0,1916.0
2025-03-24T05:53:04.500420,521887358,242157058,222.0,172.0
2025-03-24T05:53:05.502580,521887358,242157058,0.0,0.0
2025-03-24T05:53:06.503422,521889234,242158974,1876.0,1916.0
2025-03-24T05:53:07.505468,521889234,242158974,0.0,0.0
2025-03-24T05:53:08.506423,521889234,242158974,0.0,0.0
2025-03-24T05:53:09.507399,521891110,242160890,1876.0,1916.0
2025-03-24T05:53:10.509384,521891110,242160890,0.0,0.0
2025-03-24T05:53:11.511120,521891110,242160890,0.0,0.0
2025-03-24T05:53:12.512936,521892986,242162806,1876.0,1916.0
2025-03-24T05:53:13.514756,521892986,242162806,0.0,0.0
2025-03-24T05:53:14.516474,521892986,242162806,0.0,0.0
2025-03-24T05:53:15.517555,521894862,242164722,1876.0,1916.0
2025-03-24T05:53:16.519346,521894862,242164722,0.0,0.0
2025-03-24T05:53:17.521503,521894862,242164722,0.0,0.0
2025-03-24T05:53:18.523536,521896738,242166638,1876.0,1916.0
2025-03-24T05:53:19.525575,521896780,242166638,42.0,0.0
2025-03-24T05:53:20.527860,521896780,242166638,0.0,0.0
2025-03-24T05:53:21.529648,521898656,242168554,1876.0,1916.0
2025-03-24T05:53:22.531725,521898656,242168554,0.0,0.0
2025-03-24T05:53:23.533363,521898656,242168554,0.0,0.0
2025-03-24T05:53:24.534424,521900532,242170470,1876.0,1916.0
2025-03-24T05:53:25.536303,521900532,242170470,0.0,0.0
2025-03-24T05:53:26.537396,521900532,242170470,0.0,0.0
2025-03-24T05:53:27.539239,521902408,242172386,1876.0,1916.0
2025-03-24T05:53:28.541386,521902408,242172386,0.0,0.0
2025-03-24T05:53:29.543215,521902408,242172386,0.0,0.0
2025-03-24T05:53:30.545400,521904284,242174302,1876.0,1916.0
2025-03-24T05:53:31.546366,521904284,242174302,0.0,0.0
2025-03-24T05:53:32.548253,521904284,242174302,0.0,0.0
2025-03-24T05:53:33.550068,521906160,242176218,1876.0,1916.0
2025-03-24T05:53:34.551632,521906160,242176218,0.0,0.0
2025-03-24T05:53:35.553487,521906160,242176218,0.0,0.0
2025-03-24T05:53:36.554394,521908036,242178134,1876.0,1916.0
2025-03-24T05:53:37.555383,521908036,242178134,0.0,0.0
2025-03-24T05:53:38.557631,521908036,242178134,0.0,0.0
2025-03-24T05:53:39.559403,521909912,242180050,1876.0,1916.0
2025-03-24T05:53:40.560398,521909912,242180050,0.0,0.0
2025-03-24T05:53:41.562250,521909912,242180050,0.0,0.0
2025-03-24T05:53:42.564069,521911854,242182052,1942.0,2002.0
2025-03-24T05:53:43.565922,521911854,242182052,0.0,0.0
2025-03-24T05:53:44.567419,521911854,242182052,0.0,0.0
2025-03-24T05:53:45.569412,521913730,242183968,1876.0,1916.0
2025-03-24T05:53:46.571540,521913730,242183968,0.0,0.0
2025-03-24T05:53:47.573331,521913814,242184092,84.0,124.0
2025-03-24T05:53:48.575475,521915690,242186008,1876.0,1916.0
2025-03-24T05:53:49.577584,521915690,242186008,0.0,0.0
2025-03-24T05:53:50.578457,521916306,242186966,616.0,958.0
2025-03-24T05:53:51.580630,521917566,242187924,1260.0,958.0
2025-03-24T05:53:52.582478,521917566,242187924,0.0,0.0
2025-03-24T05:53:53.584338,521918504,242188882,938.0,958.0
2025-03-24T05:53:54.586333,521919442,242189840,938.0,958.0
2025-03-24T05:53:55.587451,521919442,242189840,0.0,0.0
2025-03-24T05:53:56.588435,521920380,242190798,938.0,958.0
2025-03-24T05:53:57.589566,521937796,242198488,17416.0,7690.0
2025-03-24T05:53:58.590577,521990446,242207761,52650.0,9273.0
2025-03-24T05:53:59.591549,521992856,242209835,2410.0,2074.0
2025-03-24T05:54:00.592810,521993794,242210793,938.0,958.0
2025-03-24T05:54:01.594895,521993794,242210793,0.0,0.0
2025-03-24T05:54:02.596447,521994732,242211751,938.0,958.0
2025-03-24T05:54:03.597380,521997644,242214633,2912.0,2882.0
2025-03-24T05:54:04.599178,521997866,242214805,222.0,172.0
2025-03-24T05:54:05.600440,521998496,242215455,630.0,650.0
