timestamp,rx_bytes,tx_bytes,rx_rate_bps,tx_rate_bps
2025-03-24T06:24:25.140375,526463771,244001658,19522.0,19520.0
2025-03-24T06:24:26.144507,526465503,244003368,1732.0,1710.0
2025-03-24T06:24:27.145198,526465503,244003368,0.0,0.0
2025-03-24T06:24:28.146824,526466441,244004326,938.0,958.0
2025-03-24T06:24:29.148228,526467730,244005554,1289.0,1228.0
2025-03-24T06:24:30.149172,526475578,244008212,7848.0,2658.0
2025-03-24T06:24:31.150632,526476516,244009170,938.0,958.0
2025-03-24T06:24:32.152081,526477454,244010128,938.0,958.0
2025-03-24T06:24:33.153184,526477454,244010128,0.0,0.0
2025-03-24T06:24:34.154798,526478434,244011148,980.0,1020.0
2025-03-24T06:24:35.156241,526479594,244012278,1160.0,1130.0
2025-03-24T06:24:36.157731,526479594,244012278,0.0,0.0
2025-03-24T06:24:37.159142,526480532,244013236,938.0,958.0
2025-03-24T06:24:38.160663,526481470,244014194,938.0,958.0
2025-03-24T06:24:39.162326,526481470,244014194,0.0,0.0
2025-03-24T06:24:40.163852,526482408,244015152,938.0,958.0
2025-03-24T06:24:41.165519,526483346,244016110,938.0,958.0
2025-03-24T06:24:42.166163,526483346,244016110,0.0,0.0
2025-03-24T06:24:43.167076,526484284,244017068,938.0,958.0
2025-03-24T06:24:44.168667,526485222,244018026,938.0,958.0
2025-03-24T06:24:45.170183,526485222,244018026,0.0,0.0
2025-03-24T06:24:46.171700,526486160,244018984,938.0,958.0
2025-03-24T06:24:47.173441,526487098,244019942,938.0,958.0
2025-03-24T06:24:48.174931,526487098,244019942,0.0,0.0
2025-03-24T06:24:49.176085,526488036,244020900,938.0,958.0
2025-03-24T06:24:50.177165,526488974,244021858,938.0,958.0
2025-03-24T06:24:51.178352,526488974,244021858,0.0,0.0
2025-03-24T06:24:52.179098,526489912,244022816,938.0,958.0
2025-03-24T06:24:53.180126,526490850,244023774,938.0,958.0
2025-03-24T06:24:54.181345,526490850,244023774,0.0,0.0
2025-03-24T06:24:55.183000,526491788,244024732,938.0,958.0
2025-03-24T06:24:56.184074,526492726,244025690,938.0,958.0
2025-03-24T06:24:57.185137,526493321,244026349,595.0,659.0
2025-03-24T06:24:58.186180,526519892,244037086,26571.0,10737.0
2025-03-24T06:24:59.187816,526563796,244044297,43904.0,7211.0
2025-03-24T06:25:00.189422,526565202,244044383,1406.0,86.0
2025-03-24T06:25:01.190920,526566140,244045341,938.0,958.0
2025-03-24T06:25:02.192284,526567078,244046299,938.0,958.0
2025-03-24T06:25:03.193767,526567078,244046299,0.0,0.0
2025-03-24T06:25:04.195181,526568238,244047429,1160.0,1130.0
2025-03-24T06:25:05.196823,526569398,244048559,1160.0,1130.0
2025-03-24T06:25:06.198139,526569398,244048559,0.0,0.0
2025-03-24T06:25:07.199158,526570336,244049517,938.0,958.0
2025-03-24T06:25:08.200703,526571274,244050475,938.0,958.0
2025-03-24T06:25:09.202206,526571274,244050475,0.0,0.0
2025-03-24T06:25:10.203825,526572212,244051433,938.0,958.0
2025-03-24T06:25:11.205125,526573150,244052391,938.0,958.0
2025-03-24T06:25:12.206255,526573150,244052391,0.0,0.0
2025-03-24T06:25:13.207056,526574088,244053349,938.0,958.0
2025-03-24T06:25:14.208482,526575026,244054307,938.0,958.0
2025-03-24T06:25:15.210017,526575026,244054307,0.0,0.0
2025-03-24T06:25:16.211502,526575964,244055265,938.0,958.0
2025-03-24T06:25:17.213109,526576902,244056223,938.0,958.0
2025-03-24T06:25:18.214702,526576902,244056223,0.0,0.0
2025-03-24T06:25:19.216069,526577840,244057181,938.0,958.0
2025-03-24T06:25:20.217362,526578778,244058139,938.0,958.0
2025-03-24T06:25:21.218102,526578778,244058139,0.0,0.0
2025-03-24T06:25:22.219189,526579716,244059097,938.0,958.0
2025-03-24T06:25:23.220663,526580654,244060055,938.0,958.0
2025-03-24T06:25:24.222260,526580654,244060055,0.0,0.0
2025-03-24T06:25:25.223100,526581592,244061013,938.0,958.0
2025-03-24T06:25:26.224254,526582530,244061971,938.0,958.0
2025-03-24T06:25:27.225844,526582530,244061971,0.0,0.0
2025-03-24T06:25:28.227140,526583468,244062929,938.0,958.0
2025-03-24T06:25:29.228232,526584406,244063887,938.0,958.0
2025-03-24T06:25:30.229712,526584406,244063887,0.0,0.0
2025-03-24T06:25:31.231327,526585386,244064845,980.0,958.0
2025-03-24T06:25:32.232968,526586324,244065803,938.0,958.0
2025-03-24T06:25:33.234124,526586324,244065803,0.0,0.0
2025-03-24T06:25:34.235583,526587262,244066761,938.0,958.0
2025-03-24T06:25:35.237049,526588200,244067719,938.0,958.0
2025-03-24T06:25:36.238133,526588200,244067719,0.0,0.0
2025-03-24T06:25:37.239099,526589138,244068677,938.0,958.0
2025-03-24T06:25:38.240271,526590076,244069635,938.0,958.0
2025-03-24T06:25:39.241081,526590188,244069635,112.0,0.0
2025-03-24T06:25:40.242761,526591126,244070593,938.0,958.0
2025-03-24T06:25:41.244226,526592110,244071633,984.0,1040.0
2025-03-24T06:25:42.246010,526592110,244071633,0.0,0.0
2025-03-24T06:25:43.247519,526593090,244072591,980.0,958.0
2025-03-24T06:25:44.249004,526594028,244073549,938.0,958.0
2025-03-24T06:25:45.250307,526594028,244073549,0.0,0.0
2025-03-24T06:25:46.251806,526595020,244074507,992.0,958.0
2025-03-24T06:25:47.253336,526595958,244075465,938.0,958.0
2025-03-24T06:25:48.254906,526596012,244075465,54.0,0.0
2025-03-24T06:25:49.256352,526596950,244076423,938.0,958.0
2025-03-24T06:25:50.258010,526597888,244077381,938.0,958.0
2025-03-24T06:25:51.259536,526597888,244077381,0.0,0.0
2025-03-24T06:25:52.260199,526598826,244078339,938.0,958.0
2025-03-24T06:25:53.261180,526599764,244079297,938.0,958.0
2025-03-24T06:25:54.262259,526599764,244079297,0.0,0.0
2025-03-24T06:25:55.263790,526600702,244080255,938.0,958.0
2025-03-24T06:25:56.265414,526601640,244081213,938.0,958.0
2025-03-24T06:25:57.266143,526601640,244081213,0.0,0.0
2025-03-24T06:25:58.267885,526602578,244082171,938.0,958.0
2025-03-24T06:25:59.269101,526617201,244088979,14623.0,6808.0
2025-03-24T06:26:00.270621,526648213,244101887,31012.0,12908.0
2025-03-24T06:26:01.271296,526681560,244103361,33347.0,1474.0
2025-03-24T06:26:02.272794,526682498,244104319,938.0,958.0
2025-03-24T06:26:03.274209,526682498,244104319,0.0,0.0
2025-03-24T06:26:04.275817,526683436,244105277,938.0,958.0
2025-03-24T06:26:05.277245,526686397,244106297,2961.0,1020.0
2025-03-24T06:26:06.278111,526694636,244106813,8239.0,516.0
2025-03-24T06:26:07.279607,526695574,244107771,938.0,958.0
2025-03-24T06:26:08.283486,526696512,244108729,938.0,958.0
2025-03-24T06:26:09.284109,526696512,244108729,0.0,0.0
2025-03-24T06:26:10.285210,526697450,244109687,938.0,958.0
2025-03-24T06:26:11.286796,526698388,244110645,938.0,958.0
2025-03-24T06:26:12.288320,526698388,244110645,0.0,0.0
2025-03-24T06:26:13.289110,526699326,244111603,938.0,958.0
2025-03-24T06:26:14.290702,526700264,244112561,938.0,958.0
2025-03-24T06:26:15.292158,526700264,244112561,0.0,0.0
2025-03-24T06:26:16.293611,526701202,244113519,938.0,958.0
2025-03-24T06:26:17.295201,526702140,244114477,938.0,958.0
2025-03-24T06:26:18.296658,526702140,244114477,0.0,0.0
2025-03-24T06:26:19.298104,526703078,244115435,938.0,958.0
2025-03-24T06:26:20.299605,526704016,244116393,938.0,958.0
2025-03-24T06:26:21.301171,526704016,244116393,0.0,0.0
2025-03-24T06:26:22.302649,526704954,244117351,938.0,958.0
2025-03-24T06:26:23.304240,526707644,244120061,2690.0,2710.0
2025-03-24T06:26:24.305153,526707644,244120061,0.0,0.0
