timestamp,rx_bytes,tx_bytes,rx_rate_bps,tx_rate_bps
2025-03-22T10:01:50.330359,194467591,86343436,1936.0,1916.0
2025-03-22T10:01:51.332540,194467591,86343436,0.0,0.0
2025-03-22T10:01:52.334539,194467728,86343436,137.0,0.0
2025-03-22T10:01:53.336589,194469604,86345352,1876.0,1916.0
2025-03-22T10:01:54.338753,194469664,86345352,60.0,0.0
2025-03-22T10:01:55.340591,194469741,86345352,77.0,0.0
2025-03-22T10:01:56.342633,194471796,86347268,2055.0,1916.0
2025-03-22T10:01:57.344312,194472087,86347268,291.0,0.0
2025-03-22T10:01:58.345318,194472224,86347268,137.0,0.0
2025-03-22T10:01:59.347044,194482639,86352468,10415.0,5200.0
2025-03-22T10:02:00.348859,194482699,86352554,60.0,86.0
2025-03-22T10:02:01.350572,194482776,86352554,77.0,0.0
2025-03-22T10:02:02.351359,194484712,86354470,1936.0,1916.0
2025-03-22T10:02:03.353074,194484712,86354470,0.0,0.0
2025-03-22T10:02:04.354348,194485113,86354704,401.0,234.0
2025-03-22T10:02:05.356421,194487092,86356620,1979.0,1916.0
2025-03-22T10:02:06.358515,194497174,86356620,10082.0,0.0
2025-03-22T10:02:07.359423,194497251,86356620,77.0,0.0
2025-03-22T10:02:08.361293,194499187,86358536,1936.0,1916.0
2025-03-22T10:02:09.363126,194499187,86358536,0.0,0.0
2025-03-22T10:02:10.364602,194499324,86358536,137.0,0.0
2025-03-22T10:02:11.366861,194501200,86360452,1876.0,1916.0
2025-03-22T10:02:12.368885,194501260,86360452,60.0,0.0
2025-03-22T10:02:13.370933,194501337,86360452,77.0,0.0
2025-03-22T10:02:14.372434,194503273,86362368,1936.0,1916.0
2025-03-22T10:02:15.373467,194503315,86362368,42.0,0.0
2025-03-22T10:02:16.375629,194503655,86362368,340.0,0.0
2025-03-22T10:02:17.378029,194505573,86364284,1918.0,1916.0
2025-03-22T10:02:18.379586,194505675,86364284,102.0,0.0
2025-03-22T10:02:19.381857,194505836,86364284,161.0,0.0
2025-03-22T10:02:20.383381,194507856,86366200,2020.0,1916.0
2025-03-22T10:02:21.384433,194507898,86366200,42.0,0.0
2025-03-22T10:02:22.385364,194508035,86366200,137.0,0.0
2025-03-22T10:02:23.386295,194509911,86368116,1876.0,1916.0
2025-03-22T10:02:24.387336,194509971,86368116,60.0,0.0
2025-03-22T10:02:25.388297,194510048,86368116,77.0,0.0
2025-03-22T10:02:26.390067,194511984,86370032,1936.0,1916.0
2025-03-22T10:02:27.391846,194511984,86370032,0.0,0.0
2025-03-22T10:02:28.393747,194512163,86370032,179.0,0.0
2025-03-22T10:02:29.395299,194514384,86371948,2221.0,1916.0
2025-03-22T10:02:30.396524,194514498,86371948,114.0,0.0
2025-03-22T10:02:31.398383,194514575,86371948,77.0,0.0
2025-03-22T10:02:32.400659,194516553,86373864,1978.0,1916.0
2025-03-22T10:02:33.402416,194516595,86373864,42.0,0.0
2025-03-22T10:02:34.403411,194516816,86373864,221.0,0.0
2025-03-22T10:02:35.404394,194518734,86375780,1918.0,1916.0
2025-03-22T10:02:36.406557,194518836,86375780,102.0,0.0
2025-03-22T10:02:37.408912,194518955,86375780,119.0,0.0
2025-03-22T10:02:38.411265,194520975,86377696,2020.0,1916.0
2025-03-22T10:02:39.413440,194520975,86377696,0.0,0.0
2025-03-22T10:02:40.414409,194521112,86377696,137.0,0.0
2025-03-22T10:02:41.415393,194522988,86379612,1876.0,1916.0
2025-03-22T10:02:42.416567,194523048,86379612,60.0,0.0
2025-03-22T10:02:43.418740,194523125,86379732,77.0,120.0
2025-03-22T10:02:44.420503,194525497,86381648,2372.0,1916.0
2025-03-22T10:02:45.422716,194525497,86381648,0.0,0.0
2025-03-22T10:02:46.424939,194525676,86381648,179.0,0.0
2025-03-22T10:02:47.426568,194527594,86383564,1918.0,1916.0
2025-03-22T10:02:48.428636,194527678,86383626,84.0,62.0
2025-03-22T10:02:49.430482,194527815,86383626,137.0,0.0
2025-03-22T10:02:50.431297,194529691,86385542,1876.0,1916.0
2025-03-22T10:02:51.433005,194529751,86385542,60.0,0.0
2025-03-22T10:02:52.434766,194529828,86385542,77.0,0.0
2025-03-22T10:02:53.436493,194531764,86387458,1936.0,1916.0
2025-03-22T10:02:54.438224,194533208,86390892,1444.0,3434.0
2025-03-22T10:02:55.439943,194588401,86394156,55193.0,3264.0
2025-03-22T10:02:56.441903,194590277,86396072,1876.0,1916.0
2025-03-22T10:02:57.443592,194590337,86396072,60.0,0.0
2025-03-22T10:02:58.445401,194590414,86396072,77.0,0.0
2025-03-22T10:02:59.446399,194600370,86400889,9956.0,4817.0
2025-03-22T10:03:00.447402,194600370,86400889,0.0,0.0
2025-03-22T10:03:01.448619,194600507,86400889,137.0,0.0
2025-03-22T10:03:02.450577,194602383,86402805,1876.0,1916.0
2025-03-22T10:03:03.452564,194602443,86402805,60.0,0.0
2025-03-22T10:03:04.453432,194602676,86402977,233.0,172.0
2025-03-22T10:03:05.455487,194604678,86404893,2002.0,1916.0
2025-03-22T10:03:06.456461,194604728,86404893,50.0,0.0
2025-03-22T10:03:07.457411,194604865,86404893,137.0,0.0
2025-03-22T10:03:08.458407,194606795,86406809,1930.0,1916.0
2025-03-22T10:03:09.459358,194606855,86406809,60.0,0.0
2025-03-22T10:03:10.460427,194606955,86406809,100.0,0.0
2025-03-22T10:03:11.462497,194609015,86408725,2060.0,1916.0
2025-03-22T10:03:12.463544,194609015,86408807,0.0,82.0
2025-03-22T10:03:13.464585,194609152,86408807,137.0,0.0
2025-03-22T10:03:14.466420,194611082,86410723,1930.0,1916.0
2025-03-22T10:03:15.467540,194611142,86410723,60.0,0.0
2025-03-22T10:03:16.469329,194611219,86410723,77.0,0.0
2025-03-22T10:03:17.471142,194613155,86412639,1936.0,1916.0
2025-03-22T10:03:18.472400,194613155,86412639,0.0,0.0
2025-03-22T10:03:19.473308,194613292,86412639,137.0,0.0
2025-03-22T10:03:20.475141,194615168,86414555,1876.0,1916.0
2025-03-22T10:03:21.476958,194615228,86414555,60.0,0.0
2025-03-22T10:03:22.478814,194615305,86414555,77.0,0.0
2025-03-22T10:03:23.480374,194617241,86416471,1936.0,1916.0
2025-03-22T10:03:24.481398,194617241,86416471,0.0,0.0
2025-03-22T10:03:25.482571,194617378,86416471,137.0,0.0
2025-03-22T10:03:26.484912,194619254,86418387,1876.0,1916.0
2025-03-22T10:03:27.486379,194619314,86418387,60.0,0.0
2025-03-22T10:03:28.487423,194619391,86418387,77.0,0.0
2025-03-22T10:03:29.488401,194621327,86420303,1936.0,1916.0
2025-03-22T10:03:30.489571,194621327,86420303,0.0,0.0
2025-03-22T10:03:31.491759,194621464,86420303,137.0,0.0
2025-03-22T10:03:32.493996,194623340,86422219,1876.0,1916.0
2025-03-22T10:03:33.496173,194623691,86422219,351.0,0.0
2025-03-22T10:03:34.498336,194623768,86422219,77.0,0.0
2025-03-22T10:03:35.500491,194625704,86424135,1936.0,1916.0
2025-03-22T10:03:36.501419,194625704,86424135,0.0,0.0
2025-03-22T10:03:37.503243,194625841,86424135,137.0,0.0
2025-03-22T10:03:38.505399,194627717,86426051,1876.0,1916.0
2025-03-22T10:03:39.507586,194627777,86426051,60.0,0.0
2025-03-22T10:03:40.509856,194627920,86426137,143.0,86.0
2025-03-22T10:03:41.512067,194629856,86428053,1936.0,1916.0
2025-03-22T10:03:42.513914,194629856,86428053,0.0,0.0
2025-03-22T10:03:43.515359,194629993,86428053,137.0,0.0
2025-03-22T10:03:44.516522,194631869,86429969,1876.0,1916.0
2025-03-22T10:03:45.518307,194631929,86429969,60.0,0.0
2025-03-22T10:03:46.520292,194632006,86429969,77.0,0.0
2025-03-22T10:03:47.522259,194635386,86433329,3380.0,3360.0
2025-03-22T10:03:48.523355,194635386,86433329,0.0,0.0
2025-03-22T10:03:49.524465,194635523,86433329,137.0,0.0
