timestamp,rx_bytes,tx_bytes,rx_rate_bps,tx_rate_bps
2025-03-25T18:34:09.406371,985894097,402365306,938.0,958.0
2025-03-25T18:34:10.407571,985894097,402365306,0.0,0.0
2025-03-25T18:34:11.409443,985895035,402366264,938.0,958.0
2025-03-25T18:34:12.411776,985895973,402367222,938.0,958.0
2025-03-25T18:34:13.413420,985895973,402367222,0.0,0.0
2025-03-25T18:34:14.414406,985896911,402368180,938.0,958.0
2025-03-25T18:34:15.415410,985897849,402369138,938.0,958.0
2025-03-25T18:34:16.417411,985897849,402369138,0.0,0.0
2025-03-25T18:34:17.419478,985898787,402370096,938.0,958.0
2025-03-25T18:34:18.421667,985899725,402371054,938.0,958.0
2025-03-25T18:34:19.423941,985899725,402371054,0.0,0.0
2025-03-25T18:34:20.426322,985900663,402372012,938.0,958.0
2025-03-25T18:34:21.427438,985901601,402372970,938.0,958.0
2025-03-25T18:34:22.428437,985901601,402372970,0.0,0.0
2025-03-25T18:34:23.429351,985902539,402373928,938.0,958.0
2025-03-25T18:34:24.430378,985903519,402374886,980.0,958.0
2025-03-25T18:34:25.431283,985903561,402374886,42.0,0.0
2025-03-25T18:34:26.432308,985904603,402375844,1042.0,958.0
2025-03-25T18:34:27.433284,985905587,402376802,984.0,958.0
2025-03-25T18:34:28.434322,985905587,402376802,0.0,0.0
2025-03-25T18:34:29.435374,985921920,402383922,16333.0,7120.0
2025-03-25T18:34:30.437100,985924161,402384966,2241.0,1044.0
2025-03-25T18:34:31.438917,985924207,402384966,46.0,0.0
2025-03-25T18:34:32.440619,985925199,402386006,992.0,1040.0
2025-03-25T18:34:33.442563,985926137,402386964,938.0,958.0
2025-03-25T18:34:34.444657,985926137,402386964,0.0,0.0
2025-03-25T18:34:35.447078,985927281,402388048,1144.0,1084.0
2025-03-25T18:34:36.449200,985928541,402389468,1260.0,1420.0
2025-03-25T18:34:37.450373,985929224,402389993,683.0,525.0
2025-03-25T18:34:38.451588,985930228,402390951,1004.0,958.0
2025-03-25T18:34:39.453376,985931166,402391909,938.0,958.0
2025-03-25T18:34:40.454391,985931166,402391909,0.0,0.0
2025-03-25T18:34:41.455400,985932104,402392867,938.0,958.0
2025-03-25T18:34:42.456428,985933042,402393825,938.0,958.0
2025-03-25T18:34:43.457407,985933042,402393825,0.0,0.0
2025-03-25T18:34:44.458407,985933980,402394783,938.0,958.0
2025-03-25T18:34:45.459415,985934918,402395741,938.0,958.0
2025-03-25T18:34:46.460486,985934918,402395741,0.0,0.0
2025-03-25T18:34:47.461588,985935856,402396699,938.0,958.0
2025-03-25T18:34:48.463390,985936794,402397657,938.0,958.0
2025-03-25T18:34:49.465276,985936794,402397657,0.0,0.0
2025-03-25T18:34:50.466432,985937732,402398615,938.0,958.0
2025-03-25T18:34:51.467423,985938670,402399573,938.0,958.0
2025-03-25T18:34:52.469322,985938670,402399573,0.0,0.0
2025-03-25T18:34:53.470530,985939608,402400531,938.0,958.0
2025-03-25T18:34:54.471371,985940546,402401489,938.0,958.0
2025-03-25T18:34:55.472391,985940546,402401489,0.0,0.0
2025-03-25T18:34:56.473298,985941484,402402447,938.0,958.0
2025-03-25T18:34:57.474343,985942422,402403405,938.0,958.0
2025-03-25T18:34:58.475440,985942422,402403405,0.0,0.0
2025-03-25T18:34:59.477173,985943360,402404363,938.0,958.0
2025-03-25T18:35:00.478318,985944298,402405321,938.0,958.0
2025-03-25T18:35:01.479312,985944298,402405321,0.0,0.0
2025-03-25T18:35:02.480336,985945236,402406279,938.0,958.0
2025-03-25T18:35:03.482059,985946174,402407237,938.0,958.0
2025-03-25T18:35:04.483791,985946174,402407237,0.0,0.0
2025-03-25T18:35:05.485450,985947112,402408195,938.0,958.0
2025-03-25T18:35:06.486572,985948050,402409153,938.0,958.0
2025-03-25T18:35:07.488911,985948050,402409153,0.0,0.0
2025-03-25T18:35:08.490422,985948988,402410111,938.0,958.0
2025-03-25T18:35:09.491416,985949926,402411069,938.0,958.0
2025-03-25T18:35:10.492402,985949926,402411069,0.0,0.0
2025-03-25T18:35:11.493580,985950864,402412027,938.0,958.0
2025-03-25T18:35:12.495568,985951802,402412985,938.0,958.0
2025-03-25T18:35:13.496523,985951802,402412985,0.0,0.0
2025-03-25T18:35:14.497745,985952740,402413943,938.0,958.0
2025-03-25T18:35:15.499748,985953678,402414901,938.0,958.0
2025-03-25T18:35:16.501389,985953678,402414901,0.0,0.0
2025-03-25T18:35:17.502539,985954616,402415859,938.0,958.0
2025-03-25T18:35:18.503408,985955554,402416817,938.0,958.0
2025-03-25T18:35:19.504389,985955554,402416817,0.0,0.0
2025-03-25T18:35:20.506552,985956492,402417775,938.0,958.0
2025-03-25T18:35:21.508900,985957430,402418733,938.0,958.0
2025-03-25T18:35:22.511189,985957430,402418733,0.0,0.0
2025-03-25T18:35:23.513483,985958368,402419691,938.0,958.0
2025-03-25T18:35:24.514316,985959306,402420649,938.0,958.0
2025-03-25T18:35:25.515403,985959306,402420649,0.0,0.0
2025-03-25T18:35:26.516411,985960244,402421607,938.0,958.0
2025-03-25T18:35:27.518144,985961182,402422565,938.0,958.0
2025-03-25T18:35:28.519875,985961182,402422565,0.0,0.0
2025-03-25T18:35:29.521575,985970098,402426362,8916.0,3797.0
2025-03-25T18:35:30.523271,985971036,402427320,938.0,958.0
2025-03-25T18:35:31.524986,985971036,402427320,0.0,0.0
2025-03-25T18:35:32.526702,985971974,402428278,938.0,958.0
2025-03-25T18:35:33.528551,985972912,402429236,938.0,958.0
2025-03-25T18:35:34.530249,985973218,402429532,306.0,296.0
2025-03-25T18:35:35.532121,985974156,402430490,938.0,958.0
2025-03-25T18:35:36.533591,985975094,402431448,938.0,958.0
2025-03-25T18:35:37.535825,985975094,402431448,0.0,0.0
2025-03-25T18:35:38.537928,985976032,402432406,938.0,958.0
2025-03-25T18:35:39.539428,985976970,402433364,938.0,958.0
2025-03-25T18:35:40.540411,985976970,402433364,0.0,0.0
2025-03-25T18:35:41.542259,985977908,402434322,938.0,958.0
2025-03-25T18:35:42.544385,985978846,402435280,938.0,958.0
2025-03-25T18:35:43.546540,985978846,402435280,0.0,0.0
2025-03-25T18:35:44.548732,985979784,402436238,938.0,958.0
2025-03-25T18:35:45.550919,985980722,402437196,938.0,958.0
2025-03-25T18:35:46.553040,985980722,402437196,0.0,0.0
2025-03-25T18:35:47.554393,985981660,402438154,938.0,958.0
2025-03-25T18:35:48.555415,985982640,402439112,980.0,958.0
2025-03-25T18:35:49.557276,985982682,402439112,42.0,0.0
2025-03-25T18:35:50.559397,985983620,402440070,938.0,958.0
2025-03-25T18:35:51.561565,985984600,402441028,980.0,958.0
2025-03-25T18:35:52.562407,985984600,402441028,0.0,0.0
2025-03-25T18:35:53.564570,985985622,402441986,1022.0,958.0
2025-03-25T18:35:54.566921,985986602,402442944,980.0,958.0
2025-03-25T18:35:55.568400,985986644,402442944,42.0,0.0
2025-03-25T18:35:56.569586,985987582,402443902,938.0,958.0
2025-03-25T18:35:57.571630,985988520,402444860,938.0,958.0
2025-03-25T18:35:58.573369,985988520,402444860,0.0,0.0
2025-03-25T18:35:59.575089,985989458,402445818,938.0,958.0
2025-03-25T18:36:00.576984,985990396,402446776,938.0,958.0
2025-03-25T18:36:01.578373,985990396,402446776,0.0,0.0
2025-03-25T18:36:02.580269,985991334,402447734,938.0,958.0
2025-03-25T18:36:03.581295,985992272,402448692,938.0,958.0
2025-03-25T18:36:04.582410,985992272,402448692,0.0,0.0
2025-03-25T18:36:05.583517,985995900,402452360,3628.0,3668.0
2025-03-25T18:36:06.585209,986003867,402452360,7967.0,0.0
2025-03-25T18:36:07.586921,986005922,402452360,2055.0,0.0
2025-03-25T18:36:08.589107,986006552,402453010,630.0,650.0
