timestamp,rx_bytes,tx_bytes,rx_rate_bps,tx_rate_bps
2025-03-22T08:16:46.234391,182460821,80122303,2541.0,2088.0
2025-03-22T08:16:47.236442,182460863,80122303,42.0,0.0
2025-03-22T08:16:48.237323,182461042,80122303,179.0,0.0
2025-03-22T08:16:49.238351,182462960,80124219,1918.0,1916.0
2025-03-22T08:16:50.240612,182463062,80124219,102.0,0.0
2025-03-22T08:16:51.243048,182463231,80124219,169.0,0.0
2025-03-22T08:16:52.245399,182465263,80126135,2032.0,1916.0
2025-03-22T08:16:53.246429,182465305,80126135,42.0,0.0
2025-03-22T08:16:54.247433,182465478,80126217,173.0,82.0
2025-03-22T08:16:55.248361,182467510,80128133,2032.0,1916.0
2025-03-22T08:16:56.249335,182467652,80128133,142.0,0.0
2025-03-22T08:16:57.250359,182467955,80128133,303.0,0.0
2025-03-22T08:16:58.251412,182469885,80130049,1930.0,1916.0
2025-03-22T08:16:59.252370,182476490,80132802,6605.0,2753.0
2025-03-22T08:17:00.253950,182478000,80132888,1510.0,86.0
2025-03-22T08:17:01.255953,182479990,80134804,1990.0,1916.0
2025-03-22T08:17:02.257293,182479990,80134804,0.0,0.0
2025-03-22T08:17:03.258404,182480127,80134804,137.0,0.0
2025-03-22T08:17:04.260522,182482045,80136782,1918.0,1978.0
2025-03-22T08:17:05.262664,182482327,80136954,282.0,172.0
2025-03-22T08:17:06.264432,182482523,80136954,196.0,0.0
2025-03-22T08:17:07.265402,182484459,80138870,1936.0,1916.0
2025-03-22T08:17:08.267283,182484459,80138870,0.0,0.0
2025-03-22T08:17:09.269446,182484596,80138870,137.0,0.0
2025-03-22T08:17:10.271665,182486472,80140786,1876.0,1916.0
2025-03-22T08:17:11.273554,182486472,80140786,0.0,0.0
2025-03-22T08:17:12.275370,182486609,80140786,137.0,0.0
2025-03-22T08:17:13.276420,182488569,80142702,1960.0,1916.0
2025-03-22T08:17:14.277389,182488671,80142702,102.0,0.0
2025-03-22T08:17:15.279549,182488790,80142702,119.0,0.0
2025-03-22T08:17:16.281637,182490726,80144618,1936.0,1916.0
2025-03-22T08:17:17.283444,182490726,80144618,0.0,0.0
2025-03-22T08:17:18.285614,182490863,80144618,137.0,0.0
2025-03-22T08:17:19.287459,182492739,80146534,1876.0,1916.0
2025-03-22T08:17:20.288411,182495833,80146534,3094.0,0.0
2025-03-22T08:17:21.289398,182497437,80146534,1604.0,0.0
2025-03-22T08:17:22.290367,182500900,80148450,3463.0,1916.0
2025-03-22T08:17:23.291718,182500900,80148450,0.0,0.0
2025-03-22T08:17:24.293311,182501037,80148450,137.0,0.0
2025-03-22T08:17:25.294408,182504442,80150366,3405.0,1916.0
2025-03-22T08:17:26.295362,182506150,80150366,1708.0,0.0
2025-03-22T08:17:27.296385,182506227,80150366,77.0,0.0
2025-03-22T08:17:28.297292,182508103,80152282,1876.0,1916.0
2025-03-22T08:17:29.298303,182508163,80152282,60.0,0.0
2025-03-22T08:17:30.300396,182508240,80152282,77.0,0.0
2025-03-22T08:17:31.302528,182510176,80154198,1936.0,1916.0
2025-03-22T08:17:32.303415,182510176,80154198,0.0,0.0
2025-03-22T08:17:33.304406,182510313,80154198,137.0,0.0
2025-03-22T08:17:34.306563,182512319,80156464,2006.0,2266.0
2025-03-22T08:17:35.308892,182568748,80162856,56429.0,6392.0
2025-03-22T08:17:36.311244,182568825,80162856,77.0,0.0
2025-03-22T08:17:37.312500,182570761,80164772,1936.0,1916.0
2025-03-22T08:17:38.313378,182570761,80164772,0.0,0.0
2025-03-22T08:17:39.314416,182570898,80164772,137.0,0.0
2025-03-22T08:17:40.316528,182577424,80166688,6526.0,1916.0
2025-03-22T08:17:41.317419,182591378,80171222,13954.0,4534.0
2025-03-22T08:17:42.319660,182603755,80177006,12377.0,5784.0
2025-03-22T08:17:43.321733,182648591,80184609,44836.0,7603.0
2025-03-22T08:17:44.323393,182649027,80184609,436.0,0.0
2025-03-22T08:17:45.324442,182649104,80184609,77.0,0.0
2025-03-22T08:17:46.325451,182651159,80186525,2055.0,1916.0
2025-03-22T08:17:47.326375,182651159,80186525,0.0,0.0
2025-03-22T08:17:48.327307,182651680,80186783,521.0,258.0
2025-03-22T08:17:49.328375,182653556,80188699,1876.0,1916.0
2025-03-22T08:17:50.329331,182653616,80188699,60.0,0.0
2025-03-22T08:17:51.330291,182653693,80188699,77.0,0.0
2025-03-22T08:17:52.331375,182655629,80190615,1936.0,1916.0
2025-03-22T08:17:53.332286,182655671,80190677,42.0,62.0
2025-03-22T08:17:54.334158,182655808,80190677,137.0,0.0
2025-03-22T08:17:55.336325,182657684,80192593,1876.0,1916.0
2025-03-22T08:17:56.338605,182657744,80192593,60.0,0.0
2025-03-22T08:17:57.340426,182657821,80192593,77.0,0.0
2025-03-22T08:17:58.341394,182659757,80194509,1936.0,1916.0
2025-03-22T08:17:59.342423,182667735,80197262,7978.0,2753.0
2025-03-22T08:18:00.343427,182667812,80197348,77.0,86.0
2025-03-22T08:18:01.345420,182669748,80199264,1936.0,1916.0
2025-03-22T08:18:02.347305,182669748,80199264,0.0,0.0
2025-03-22T08:18:03.348609,182669885,80199264,137.0,0.0
2025-03-22T08:18:04.350439,182671917,80201352,2032.0,2088.0
2025-03-22T08:18:05.351568,182672043,80201352,126.0,0.0
2025-03-22T08:18:06.352653,182680206,80201352,8163.0,0.0
2025-03-22T08:18:07.354545,182684197,80203268,3991.0,1916.0
2025-03-22T08:18:08.355510,182684197,80203268,0.0,0.0
2025-03-22T08:18:09.356619,182684334,80203268,137.0,0.0
2025-03-22T08:18:10.358422,182686210,80205184,1876.0,1916.0
2025-03-22T08:18:11.359415,182686270,80205184,60.0,0.0
2025-03-22T08:18:12.360364,182686347,80205184,77.0,0.0
2025-03-22T08:18:13.361368,182688283,80207100,1936.0,1916.0
2025-03-22T08:18:14.362369,182688283,80207100,0.0,0.0
2025-03-22T08:18:15.363320,182688420,80207100,137.0,0.0
2025-03-22T08:18:16.364433,182690296,80209016,1876.0,1916.0
2025-03-22T08:18:17.366252,182690356,80209016,60.0,0.0
2025-03-22T08:18:18.368102,182690433,80209016,77.0,0.0
2025-03-22T08:18:19.369927,182692309,80210932,1876.0,1916.0
2025-03-22T08:18:20.371363,182692369,80210932,60.0,0.0
2025-03-22T08:18:21.372293,182692446,80210932,77.0,0.0
2025-03-22T08:18:22.373565,182694382,80212848,1936.0,1916.0
2025-03-22T08:18:23.374591,182694382,80212848,0.0,0.0
2025-03-22T08:18:24.376801,182694585,80212934,203.0,86.0
2025-03-22T08:18:25.378429,182696461,80214850,1876.0,1916.0
2025-03-22T08:18:26.379587,182696640,80214850,179.0,0.0
2025-03-22T08:18:27.381904,182696717,80214850,77.0,0.0
2025-03-22T08:18:28.384119,182698653,80216766,1936.0,1916.0
2025-03-22T08:18:29.385431,182698653,80216766,0.0,0.0
2025-03-22T08:18:30.387607,182698790,80216766,137.0,0.0
2025-03-22T08:18:31.389403,182700666,80218682,1876.0,1916.0
2025-03-22T08:18:32.391255,182700726,80218682,60.0,0.0
2025-03-22T08:18:33.393434,182700803,80218682,77.0,0.0
2025-03-22T08:18:34.395639,182702739,80220598,1936.0,1916.0
2025-03-22T08:18:35.397936,182702739,80220598,0.0,0.0
2025-03-22T08:18:36.400153,182702816,80220598,77.0,0.0
2025-03-22T08:18:37.402007,182704752,80222514,1936.0,1916.0
2025-03-22T08:18:38.403447,182704752,80222514,0.0,0.0
2025-03-22T08:18:39.404441,182704889,80222514,137.0,0.0
2025-03-22T08:18:40.406193,182706765,80224430,1876.0,1916.0
2025-03-22T08:18:41.407918,182706825,80224430,60.0,0.0
2025-03-22T08:18:42.409616,182706902,80224430,77.0,0.0
2025-03-22T08:18:43.411272,182726660,80234488,19758.0,10058.0
2025-03-22T08:18:44.413005,182744539,80242987,17879.0,8499.0
2025-03-22T08:18:45.414376,182779513,80243331,34974.0,344.0
