timestamp,rx_bytes,tx_bytes,rx_rate_bps,tx_rate_bps
2025-03-26T11:09:21.437779,1117459850,461054494,1876.0,1916.0
2025-03-26T11:09:22.439495,1117459850,461054494,0.0,0.0
2025-03-26T11:09:23.440362,1117459850,461054494,0.0,0.0
2025-03-26T11:09:24.441346,1117461726,461056410,1876.0,1916.0
2025-03-26T11:09:25.442328,1117461726,461056410,0.0,0.0
2025-03-26T11:09:26.443324,1117461726,461056410,0.0,0.0
2025-03-26T11:09:27.444331,1117463602,461058326,1876.0,1916.0
2025-03-26T11:09:28.445332,1117463602,461058326,0.0,0.0
2025-03-26T11:09:29.446460,1117470742,461061463,7140.0,3137.0
2025-03-26T11:09:30.447445,1117473921,461063465,3179.0,2002.0
2025-03-26T11:09:31.448505,1117473921,461063465,0.0,0.0
2025-03-26T11:09:32.449549,1117473921,461063465,0.0,0.0
2025-03-26T11:09:33.450503,1117475797,461065381,1876.0,1916.0
2025-03-26T11:09:34.451541,1117475839,461065443,42.0,62.0
2025-03-26T11:09:35.452387,1117476061,461065615,222.0,172.0
2025-03-26T11:09:36.453445,1117478303,461068004,2242.0,2389.0
2025-03-26T11:09:37.454444,1117478809,461068176,506.0,172.0
2025-03-26T11:09:38.455410,1117478809,461068176,0.0,0.0
2025-03-26T11:09:39.456435,1117480685,461070092,1876.0,1916.0
2025-03-26T11:09:40.457382,1117480685,461070092,0.0,0.0
2025-03-26T11:09:41.458402,1117480685,461070092,0.0,0.0
2025-03-26T11:09:42.459446,1117482561,461072008,1876.0,1916.0
2025-03-26T11:09:43.460414,1117482561,461072008,0.0,0.0
2025-03-26T11:09:44.462168,1117482561,461072008,0.0,0.0
2025-03-26T11:09:45.463415,1117484437,461073924,1876.0,1916.0
2025-03-26T11:09:46.464519,1117484437,461073924,0.0,0.0
2025-03-26T11:09:47.465515,1117484437,461073924,0.0,0.0
2025-03-26T11:09:48.466434,1117486313,461075840,1876.0,1916.0
2025-03-26T11:09:49.467598,1117486379,461075926,66.0,86.0
2025-03-26T11:09:50.469419,1117486379,461075926,0.0,0.0
2025-03-26T11:09:51.470398,1117488255,461077842,1876.0,1916.0
2025-03-26T11:09:52.471392,1117488255,461077842,0.0,0.0
2025-03-26T11:09:53.472439,1117488255,461077842,0.0,0.0
2025-03-26T11:09:54.473400,1117490131,461079758,1876.0,1916.0
2025-03-26T11:09:55.474422,1117490131,461079758,0.0,0.0
2025-03-26T11:09:56.475517,1117490131,461079758,0.0,0.0
2025-03-26T11:09:57.476420,1117492126,461081674,1995.0,1916.0
2025-03-26T11:09:58.477436,1117492126,461081674,0.0,0.0
2025-03-26T11:09:59.478473,1117492126,461081768,0.0,94.0
2025-03-26T11:10:00.479649,1117501980,461086429,9854.0,4661.0
2025-03-26T11:10:01.481324,1117501980,461086429,0.0,0.0
2025-03-26T11:10:02.482337,1117501980,461086429,0.0,0.0
2025-03-26T11:10:03.483346,1117503856,461088345,1876.0,1916.0
2025-03-26T11:10:04.484444,1117503856,461088345,0.0,0.0
2025-03-26T11:10:05.485325,1117504078,461088517,222.0,172.0
2025-03-26T11:10:06.486312,1117513921,461090433,9843.0,1916.0
2025-03-26T11:10:07.487396,1117515976,461090433,2055.0,0.0
2025-03-26T11:10:08.488396,1117515976,461090433,0.0,0.0
2025-03-26T11:10:09.489456,1117517852,461092349,1876.0,1916.0
2025-03-26T11:10:10.490487,1117517894,461092411,42.0,62.0
2025-03-26T11:10:11.492031,1117517894,461092411,0.0,0.0
2025-03-26T11:10:12.493592,1117519988,461094327,2094.0,1916.0
2025-03-26T11:10:13.495502,1117520206,461094327,218.0,0.0
2025-03-26T11:10:14.496557,1117520424,461094327,218.0,0.0
2025-03-26T11:10:15.497537,1117522518,461096243,2094.0,1916.0
2025-03-26T11:10:16.500127,1117522518,461096243,0.0,0.0
2025-03-26T11:10:17.501263,1117522687,461096243,169.0,0.0
2025-03-26T11:10:18.502258,1117524563,461098159,1876.0,1916.0
2025-03-26T11:10:19.503493,1117524717,461098159,154.0,0.0
2025-03-26T11:10:20.504553,1117524717,461098159,0.0,0.0
2025-03-26T11:10:21.506587,1117526593,461100075,1876.0,1916.0
2025-03-26T11:10:22.508398,1117526639,461100075,46.0,0.0
2025-03-26T11:10:23.509454,1117526639,461100157,0.0,82.0
2025-03-26T11:10:24.511310,1117528515,461102073,1876.0,1916.0
2025-03-26T11:10:25.512416,1117528669,461102073,154.0,0.0
2025-03-26T11:10:26.513359,1117528669,461102073,0.0,0.0
2025-03-26T11:10:27.514442,1117530545,461103989,1876.0,1916.0
2025-03-26T11:10:28.515410,1117530545,461103989,0.0,0.0
2025-03-26T11:10:29.516401,1117530545,461103989,0.0,0.0
2025-03-26T11:10:30.517567,1117532421,461105905,1876.0,1916.0
2025-03-26T11:10:31.518437,1117532421,461105905,0.0,0.0
2025-03-26T11:10:32.519334,1117532814,461106373,393.0,468.0
2025-03-26T11:10:33.520335,1117534690,461108289,1876.0,1916.0
2025-03-26T11:10:34.521635,1117534690,461108289,0.0,0.0
2025-03-26T11:10:35.523585,1117534690,461108289,0.0,0.0
2025-03-26T11:10:36.525456,1117536566,461110205,1876.0,1916.0
2025-03-26T11:10:37.526428,1117536685,461110205,119.0,0.0
2025-03-26T11:10:38.527434,1117536685,461110205,0.0,0.0
2025-03-26T11:10:39.528427,1117538561,461112121,1876.0,1916.0
2025-03-26T11:10:40.529411,1117538561,461112121,0.0,0.0
2025-03-26T11:10:41.530345,1117538561,461112121,0.0,0.0
2025-03-26T11:10:42.531437,1117540437,461114037,1876.0,1916.0
2025-03-26T11:10:43.532556,1117540437,461114037,0.0,0.0
2025-03-26T11:10:44.533426,1117540437,461114037,0.0,0.0
2025-03-26T11:10:45.534412,1117542313,461115953,1876.0,1916.0
2025-03-26T11:10:46.535428,1117542313,461115953,0.0,0.0
2025-03-26T11:10:47.536348,1117542313,461115953,0.0,0.0
2025-03-26T11:10:48.537369,1117544189,461117869,1876.0,1916.0
2025-03-26T11:10:49.538471,1117544189,461117869,0.0,0.0
2025-03-26T11:10:50.539341,1117544189,461117869,0.0,0.0
2025-03-26T11:10:51.540319,1117546065,461119785,1876.0,1916.0
2025-03-26T11:10:52.541478,1117546065,461119785,0.0,0.0
2025-03-26T11:10:53.542318,1117546065,461119785,0.0,0.0
2025-03-26T11:10:54.543576,1117547941,461121701,1876.0,1916.0
2025-03-26T11:10:55.545441,1117547941,461121701,0.0,0.0
2025-03-26T11:10:56.546578,1117547941,461121701,0.0,0.0
2025-03-26T11:10:57.548983,1117549936,461123617,1995.0,1916.0
2025-03-26T11:10:58.550528,1117549936,461123617,0.0,0.0
2025-03-26T11:10:59.551430,1117558509,461127021,8573.0,3404.0
2025-03-26T11:11:00.554551,1117560385,461128937,1876.0,1916.0
2025-03-26T11:11:01.555380,1117560385,461128937,0.0,0.0
2025-03-26T11:11:02.556756,1117569041,461145674,8656.0,16737.0
2025-03-26T11:11:03.558429,1117572053,461150164,3012.0,4490.0
2025-03-26T11:11:04.559465,1117572317,461150398,264.0,234.0
2025-03-26T11:11:05.560415,1117572317,461150398,0.0,0.0
2025-03-26T11:11:06.561350,1117574193,461152314,1876.0,1916.0
2025-03-26T11:11:07.562486,1117574193,461152314,0.0,0.0
2025-03-26T11:11:08.563438,1117574193,461152314,0.0,0.0
2025-03-26T11:11:09.564834,1117576069,461154230,1876.0,1916.0
2025-03-26T11:11:10.566576,1117576069,461154230,0.0,0.0
2025-03-26T11:11:11.568373,1117576069,461154230,0.0,0.0
2025-03-26T11:11:12.569311,1117577945,461156146,1876.0,1916.0
2025-03-26T11:11:13.570434,1117577945,461156146,0.0,0.0
2025-03-26T11:11:14.571418,1117577945,461156146,0.0,0.0
2025-03-26T11:11:15.572416,1117579821,461158062,1876.0,1916.0
2025-03-26T11:11:16.573739,1117579821,461158062,0.0,0.0
2025-03-26T11:11:17.575258,1117579940,461158062,119.0,0.0
2025-03-26T11:11:18.576353,1117583260,461161422,3320.0,3360.0
2025-03-26T11:11:19.577334,1117583260,461161422,0.0,0.0
2025-03-26T11:11:20.578386,1117583260,461161422,0.0,0.0
