timestamp,rx_bytes,tx_bytes,rx_rate_bps,tx_rate_bps
2025-03-22T06:19:00.533437,169309791,72804975,1876.0,1916.0
2025-03-22T06:19:01.534416,169309791,72804975,0.0,0.0
2025-03-22T06:19:02.535425,169309791,72804975,0.0,0.0
2025-03-22T06:19:03.536415,169311667,72806891,1876.0,1916.0
2025-03-22T06:19:04.538484,169311889,72807063,222.0,172.0
2025-03-22T06:19:05.540802,169311889,72807063,0.0,0.0
2025-03-22T06:19:06.543061,169313765,72808979,1876.0,1916.0
2025-03-22T06:19:07.545434,169313765,72808979,0.0,0.0
2025-03-22T06:19:08.547295,169313765,72808979,0.0,0.0
2025-03-22T06:19:09.548348,169315641,72810895,1876.0,1916.0
2025-03-22T06:19:10.549400,169315641,72810895,0.0,0.0
2025-03-22T06:19:11.550316,169315641,72810895,0.0,0.0
2025-03-22T06:19:12.551323,169317517,72812811,1876.0,1916.0
2025-03-22T06:19:13.552367,169317517,72812811,0.0,0.0
2025-03-22T06:19:14.553383,169317809,72813025,292.0,214.0
2025-03-22T06:19:15.554338,169320146,72815372,2337.0,2347.0
2025-03-22T06:19:16.555291,169320146,72815372,0.0,0.0
2025-03-22T06:19:17.556371,169320146,72815372,0.0,0.0
2025-03-22T06:19:18.557294,169322022,72817288,1876.0,1916.0
2025-03-22T06:19:19.558395,169322022,72817288,0.0,0.0
2025-03-22T06:19:20.560503,169322022,72817288,0.0,0.0
2025-03-22T06:19:21.562639,169323940,72819266,1918.0,1978.0
2025-03-22T06:19:22.564429,169323940,72819266,0.0,0.0
2025-03-22T06:19:23.565552,169323940,72819266,0.0,0.0
2025-03-22T06:19:24.567458,169325816,72821182,1876.0,1916.0
2025-03-22T06:19:25.568565,169325816,72821182,0.0,0.0
2025-03-22T06:19:26.570406,169325858,72821182,42.0,0.0
2025-03-22T06:19:27.571416,169328402,72823098,2544.0,1916.0
2025-03-22T06:19:28.573501,169329341,72823098,939.0,0.0
2025-03-22T06:19:29.575731,169337612,72825670,8271.0,2572.0
2025-03-22T06:19:30.577905,169339672,72827672,2060.0,2002.0
2025-03-22T06:19:31.580080,169339874,72827672,202.0,0.0
2025-03-22T06:19:32.582294,169339874,72827672,0.0,0.0
2025-03-22T06:19:33.583395,169341750,72829588,1876.0,1916.0
2025-03-22T06:19:34.584429,169341906,72829760,156.0,172.0
2025-03-22T06:19:35.585394,169341972,72829760,66.0,0.0
2025-03-22T06:19:36.586412,169343890,72831676,1918.0,1916.0
2025-03-22T06:19:37.588624,169343890,72831676,0.0,0.0
2025-03-22T06:19:38.590922,169343890,72831676,0.0,0.0
2025-03-22T06:19:39.593274,169345766,72833592,1876.0,1916.0
2025-03-22T06:19:40.594441,169346208,72833592,442.0,0.0
2025-03-22T06:19:41.595401,169346208,72833592,0.0,0.0
2025-03-22T06:19:42.596626,169348084,72835508,1876.0,1916.0
2025-03-22T06:19:43.598572,169348084,72835508,0.0,0.0
2025-03-22T06:19:44.602637,169348084,72835508,0.0,0.0
2025-03-22T06:19:45.604426,169349960,72837424,1876.0,1916.0
2025-03-22T06:19:46.605389,169349960,72837424,0.0,0.0
2025-03-22T06:19:47.607201,169349960,72837424,0.0,0.0
2025-03-22T06:19:48.609146,169351836,72839340,1876.0,1916.0
2025-03-22T06:19:49.610221,169351836,72839340,0.0,0.0
2025-03-22T06:19:50.611311,169351836,72839340,0.0,0.0
2025-03-22T06:19:51.612367,169353712,72841256,1876.0,1916.0
2025-03-22T06:19:52.613434,169353712,72841256,0.0,0.0
2025-03-22T06:19:53.614313,169354307,72841915,595.0,659.0
2025-03-22T06:19:54.615411,169366058,72847482,11751.0,5567.0
2025-03-22T06:19:55.617234,169380414,72851516,14356.0,4034.0
2025-03-22T06:19:56.619059,169388682,72855676,8268.0,4160.0
2025-03-22T06:19:57.620901,169440104,72865123,51422.0,9447.0
2025-03-22T06:19:58.622387,169440146,72865185,42.0,62.0
2025-03-22T06:19:59.623593,169441618,72866301,1472.0,1116.0
2025-03-22T06:20:00.625583,169443494,72868217,1876.0,1916.0
2025-03-22T06:20:01.626591,169443494,72868217,0.0,0.0
2025-03-22T06:20:02.629004,169443716,72868389,222.0,172.0
2025-03-22T06:20:03.631237,169445592,72870305,1876.0,1916.0
2025-03-22T06:20:04.632435,169445814,72870477,222.0,172.0
2025-03-22T06:20:05.633406,169451752,72870477,5938.0,0.0
2025-03-22T06:20:06.634508,169457712,72872393,5960.0,1916.0
2025-03-22T06:20:07.636316,169458154,72872393,442.0,0.0
2025-03-22T06:20:08.638482,169458154,72872393,0.0,0.0
2025-03-22T06:20:09.640730,169460030,72874309,1876.0,1916.0
2025-03-22T06:20:10.643088,169460142,72874309,112.0,0.0
2025-03-22T06:20:11.645236,169460142,72874309,0.0,0.0
2025-03-22T06:20:12.647186,169462064,72876225,1922.0,1916.0
2025-03-22T06:20:13.648407,169462064,72876225,0.0,0.0
2025-03-22T06:20:14.649742,169462064,72876225,0.0,0.0
2025-03-22T06:20:15.651531,169463940,72878141,1876.0,1916.0
2025-03-22T06:20:16.653568,169463940,72878141,0.0,0.0
2025-03-22T06:20:17.655731,169463940,72878141,0.0,0.0
2025-03-22T06:20:18.658102,169465870,72880057,1930.0,1916.0
2025-03-22T06:20:19.660342,169465870,72880057,0.0,0.0
2025-03-22T06:20:20.662378,169465924,72880139,54.0,82.0
2025-03-22T06:20:21.664512,169467800,72882055,1876.0,1916.0
2025-03-22T06:20:22.666488,169467800,72882055,0.0,0.0
2025-03-22T06:20:23.667450,169467800,72882055,0.0,0.0
2025-03-22T06:20:24.668377,169469676,72883971,1876.0,1916.0
2025-03-22T06:20:25.669393,169469676,72883971,0.0,0.0
2025-03-22T06:20:26.671439,169469676,72883971,0.0,0.0
2025-03-22T06:20:27.672400,169471552,72885887,1876.0,1916.0
2025-03-22T06:20:28.674218,169471552,72885887,0.0,0.0
2025-03-22T06:20:29.676030,169471552,72885887,0.0,0.0
2025-03-22T06:20:30.677420,169473428,72887803,1876.0,1916.0
2025-03-22T06:20:31.678329,169473428,72887803,0.0,0.0
2025-03-22T06:20:32.679385,169473428,72887803,0.0,0.0
2025-03-22T06:20:33.681210,169475304,72889719,1876.0,1916.0
2025-03-22T06:20:34.682403,169475304,72889719,0.0,0.0
2025-03-22T06:20:35.684369,169475304,72889719,0.0,0.0
2025-03-22T06:20:36.686189,169477180,72891635,1876.0,1916.0
2025-03-22T06:20:37.688053,169477180,72891635,0.0,0.0
2025-03-22T06:20:38.689582,169477180,72891635,0.0,0.0
2025-03-22T06:20:39.691870,169479056,72893551,1876.0,1916.0
2025-03-22T06:20:40.693537,169479056,72893551,0.0,0.0
2025-03-22T06:20:41.694594,169479056,72893551,0.0,0.0
2025-03-22T06:20:42.696411,169480932,72895467,1876.0,1916.0
2025-03-22T06:20:43.698263,169480932,72895467,0.0,0.0
2025-03-22T06:20:44.700427,169480932,72895467,0.0,0.0
2025-03-22T06:20:45.702525,169482808,72897383,1876.0,1916.0
2025-03-22T06:20:46.703730,169482808,72897383,0.0,0.0
2025-03-22T06:20:47.706047,169482808,72897383,0.0,0.0
2025-03-22T06:20:48.708390,169484684,72899299,1876.0,1916.0
2025-03-22T06:20:49.710452,169484684,72899299,0.0,0.0
2025-03-22T06:20:50.712293,169484684,72899299,0.0,0.0
2025-03-22T06:20:51.714262,169486560,72901215,1876.0,1916.0
2025-03-22T06:20:52.716106,169486560,72901215,0.0,0.0
2025-03-22T06:20:53.718241,169486560,72901215,0.0,0.0
2025-03-22T06:20:54.719415,169488436,72903131,1876.0,1916.0
2025-03-22T06:20:55.721583,169504914,72909863,16478.0,6732.0
2025-03-22T06:20:56.723496,169557564,72918792,52650.0,8929.0
2025-03-22T06:20:57.724608,169561192,72922546,3628.0,3754.0
2025-03-22T06:20:58.726654,169561192,72922546,0.0,0.0
2025-03-22T06:20:59.728542,169562664,72923662,1472.0,1116.0
