timestamp,rx_bytes,tx_bytes,rx_rate_bps,tx_rate_bps
2025-03-24T06:14:35.235525,523947032,243337801,2235.0,2088.0
2025-03-24T06:14:36.237285,523947032,243337801,0.0,0.0
2025-03-24T06:14:37.238322,523953142,243340003,6110.0,2202.0
2025-03-24T06:14:38.240054,523982180,243352624,29038.0,12621.0
2025-03-24T06:14:39.241303,524016891,243354873,34711.0,2249.0
2025-03-24T06:14:40.242413,524016891,243354873,0.0,0.0
2025-03-24T06:14:41.244572,524018904,243356789,2013.0,1916.0
2025-03-24T06:14:42.246832,524018904,243356789,0.0,0.0
2025-03-24T06:14:43.248605,524018964,243356789,60.0,0.0
2025-03-24T06:14:44.250396,524021361,243359049,2397.0,2260.0
2025-03-24T06:14:45.251455,524021421,243359049,60.0,0.0
2025-03-24T06:14:46.253321,524021421,243359049,0.0,0.0
2025-03-24T06:14:47.254613,524023434,243360965,2013.0,1916.0
2025-03-24T06:14:48.256614,524023434,243360965,0.0,0.0
2025-03-24T06:14:49.258391,524023494,243360965,60.0,0.0
2025-03-24T06:14:50.259394,524025447,243362881,1953.0,1916.0
2025-03-24T06:14:51.260418,524025507,243362881,60.0,0.0
2025-03-24T06:14:52.261419,524025507,243362881,0.0,0.0
2025-03-24T06:14:53.263250,524027520,243364797,2013.0,1916.0
2025-03-24T06:14:54.265227,524027520,243364797,0.0,0.0
2025-03-24T06:14:55.267051,524027580,243364797,60.0,0.0
2025-03-24T06:14:56.268365,524029533,243366713,1953.0,1916.0
2025-03-24T06:14:57.270206,524029593,243366713,60.0,0.0
2025-03-24T06:14:58.272011,524029593,243366713,0.0,0.0
2025-03-24T06:14:59.273408,524038151,243371382,8558.0,4669.0
2025-03-24T06:15:00.275160,524039584,243371468,1433.0,86.0
2025-03-24T06:15:01.277020,524039644,243371468,60.0,0.0
2025-03-24T06:15:02.278896,524041597,243373384,1953.0,1916.0
2025-03-24T06:15:03.280618,524041657,243373384,60.0,0.0
2025-03-24T06:15:04.282426,524041657,243373384,0.0,0.0
2025-03-24T06:15:05.284267,524043892,243375472,2235.0,2088.0
2025-03-24T06:15:06.286007,524043892,243375472,0.0,0.0
2025-03-24T06:15:07.287597,524043952,243375472,60.0,0.0
2025-03-24T06:15:08.289406,524045905,243377388,1953.0,1916.0
2025-03-24T06:15:09.291148,524045965,243377388,60.0,0.0
2025-03-24T06:15:10.292418,524045965,243377388,0.0,0.0
2025-03-24T06:15:11.293428,524048020,243379304,2055.0,1916.0
2025-03-24T06:15:12.294352,524048062,243379304,42.0,0.0
2025-03-24T06:15:13.296142,524048164,243379304,102.0,0.0
2025-03-24T06:15:14.297875,524050229,243381220,2065.0,1916.0
2025-03-24T06:15:15.299299,524050289,243381220,60.0,0.0
2025-03-24T06:15:16.300418,524050335,243381220,46.0,0.0
2025-03-24T06:15:17.302191,524052348,243383136,2013.0,1916.0
2025-03-24T06:15:18.303384,524052348,243383136,0.0,0.0
2025-03-24T06:15:19.304478,524052462,243383136,114.0,0.0
2025-03-24T06:15:20.306325,524054415,243385052,1953.0,1916.0
2025-03-24T06:15:21.307420,524054475,243385134,60.0,82.0
2025-03-24T06:15:22.309191,524054545,243385134,70.0,0.0
2025-03-24T06:15:23.311135,524056498,243387050,1953.0,1916.0
2025-03-24T06:15:24.313035,524056612,243387050,114.0,0.0
2025-03-24T06:15:25.314433,524056672,243387050,60.0,0.0
2025-03-24T06:15:26.315308,524058625,243388966,1953.0,1916.0
2025-03-24T06:15:27.317111,524058625,243388966,0.0,0.0
2025-03-24T06:15:28.318391,524058685,243388966,60.0,0.0
2025-03-24T06:15:29.320254,524060638,243390882,1953.0,1916.0
2025-03-24T06:15:30.322026,524060698,243390882,60.0,0.0
2025-03-24T06:15:31.323904,524060698,243390882,0.0,0.0
2025-03-24T06:15:32.325558,524062711,243392798,2013.0,1916.0
2025-03-24T06:15:33.327406,524062711,243392798,0.0,0.0
2025-03-24T06:15:34.328277,524062771,243392798,60.0,0.0
2025-03-24T06:15:35.329329,524064724,243394714,1953.0,1916.0
2025-03-24T06:15:36.331086,524064784,243394714,60.0,0.0
2025-03-24T06:15:37.332550,524064784,243394714,0.0,0.0
2025-03-24T06:15:38.334372,524066797,243396630,2013.0,1916.0
2025-03-24T06:15:39.335375,524080725,243401450,13928.0,4820.0
2025-03-24T06:15:40.336579,524086797,243404268,6072.0,2818.0
2025-03-24T06:15:41.338290,524137980,243414465,51183.0,10197.0
2025-03-24T06:15:42.339423,524138040,243414465,60.0,0.0
2025-03-24T06:15:43.340576,524138040,243414465,0.0,0.0
2025-03-24T06:15:44.342414,524140095,243416443,2055.0,1978.0
2025-03-24T06:15:45.343431,524140095,243416443,0.0,0.0
2025-03-24T06:15:46.344533,524140599,243416701,504.0,258.0
2025-03-24T06:15:47.345418,524142552,243418617,1953.0,1916.0
2025-03-24T06:15:48.347418,524142612,243418617,60.0,0.0
2025-03-24T06:15:49.348337,524142612,243418617,0.0,0.0
2025-03-24T06:15:50.349530,524144625,243420533,2013.0,1916.0
2025-03-24T06:15:51.350344,524144625,243420533,0.0,0.0
2025-03-24T06:15:52.351357,524144685,243420533,60.0,0.0
2025-03-24T06:15:53.352503,524146638,243422449,1953.0,1916.0
2025-03-24T06:15:54.353312,524146698,243422449,60.0,0.0
2025-03-24T06:15:55.355143,524146698,243422449,0.0,0.0
2025-03-24T06:15:56.356383,524148711,243424365,2013.0,1916.0
2025-03-24T06:15:57.357436,524148711,243424365,0.0,0.0
2025-03-24T06:15:58.358405,524148771,243424365,60.0,0.0
2025-03-24T06:15:59.359530,524158702,243429120,9931.0,4755.0
2025-03-24T06:16:00.361320,524158762,243429120,60.0,0.0
2025-03-24T06:16:01.363218,524158762,243429120,0.0,0.0
2025-03-24T06:16:02.364491,524160775,243431036,2013.0,1916.0
2025-03-24T06:16:03.365323,524160775,243431036,0.0,0.0
2025-03-24T06:16:04.366370,524160835,243431036,60.0,0.0
2025-03-24T06:16:05.367259,524168948,243433124,8113.0,2088.0
2025-03-24T06:16:06.368452,524173092,243433124,4144.0,0.0
2025-03-24T06:16:07.370201,524173092,243433124,0.0,0.0
2025-03-24T06:16:08.371835,524175105,243435040,2013.0,1916.0
2025-03-24T06:16:09.373389,524175105,243435040,0.0,0.0
2025-03-24T06:16:10.374402,524175165,243435040,60.0,0.0
2025-03-24T06:16:11.376363,524177118,243436956,1953.0,1916.0
2025-03-24T06:16:12.378209,524177178,243436956,60.0,0.0
2025-03-24T06:16:13.379410,524177178,243436956,0.0,0.0
2025-03-24T06:16:14.380340,524179191,243438872,2013.0,1916.0
2025-03-24T06:16:15.381439,524179191,243438872,0.0,0.0
2025-03-24T06:16:16.382386,524179251,243438872,60.0,0.0
2025-03-24T06:16:17.383509,524181204,243440788,1953.0,1916.0
2025-03-24T06:16:18.384389,524181264,243440788,60.0,0.0
2025-03-24T06:16:19.385420,524181264,243440788,0.0,0.0
2025-03-24T06:16:20.386634,524183277,243442704,2013.0,1916.0
2025-03-24T06:16:21.388591,524183277,243442704,0.0,0.0
2025-03-24T06:16:22.390598,524183337,243442704,60.0,0.0
2025-03-24T06:16:23.392419,524185290,243444620,1953.0,1916.0
2025-03-24T06:16:24.395437,524185350,243444620,60.0,0.0
2025-03-24T06:16:25.396448,524185350,243444620,0.0,0.0
2025-03-24T06:16:26.397329,524187363,243446536,2013.0,1916.0
2025-03-24T06:16:27.399424,524187363,243446536,0.0,0.0
2025-03-24T06:16:28.401241,524187423,243446536,60.0,0.0
2025-03-24T06:16:29.403002,524189376,243448452,1953.0,1916.0
2025-03-24T06:16:30.404293,524189436,243448452,60.0,0.0
2025-03-24T06:16:31.405376,524189436,243448452,0.0,0.0
2025-03-24T06:16:32.407731,524193201,243452120,3765.0,3668.0
2025-03-24T06:16:33.409400,524193201,243452120,0.0,0.0
2025-03-24T06:16:34.410621,524193261,243452120,60.0,0.0
