timestamp,rx_bytes,tx_bytes,rx_rate_bps,tx_rate_bps
2025-04-08T11:44:49.972791,275756196,138316025,3780.0,3798.0
2025-04-08T11:44:50.974447,275756298,138316087,102.0,62.0
2025-04-08T11:44:51.975469,275756375,138316087,77.0,0.0
2025-04-08T11:44:52.976500,275760155,138319885,3780.0,3798.0
2025-04-08T11:44:53.977602,275761139,138319976,984.0,91.0
2025-04-08T11:44:54.979395,275766515,138319976,5376.0,0.0
2025-04-08T11:44:55.981126,275772109,138323774,5594.0,3798.0
2025-04-08T11:44:56.982426,275772715,138333013,606.0,9239.0
2025-04-08T11:44:57.984302,275785082,138334704,12367.0,1691.0
2025-04-08T11:44:58.986480,275788862,138338502,3780.0,3798.0
2025-04-08T11:44:59.987637,275789180,138338779,318.0,277.0
2025-04-08T11:45:00.989904,275789539,138339143,359.0,364.0
2025-04-08T11:45:01.991537,275793662,138343214,4123.0,4071.0
2025-04-08T11:45:02.992489,275793734,138343305,72.0,91.0
2025-04-08T11:45:03.994681,275793871,138343305,137.0,0.0
2025-04-08T11:45:04.996714,275797681,138347194,3810.0,3889.0
2025-04-08T11:45:05.998514,275797741,138347194,60.0,0.0
2025-04-08T11:45:07.000299,275798602,138347280,861.0,86.0
2025-04-08T11:45:08.002220,275813583,138360151,14981.0,12871.0
2025-04-08T11:45:09.003398,275813583,138360151,0.0,0.0
2025-04-08T11:45:10.004395,275813879,138360268,296.0,117.0
2025-04-08T11:45:11.005564,275817941,138364442,4062.0,4174.0
2025-04-08T11:45:12.006496,275818067,138364442,126.0,0.0
2025-04-08T11:45:13.008624,275818144,138364442,77.0,0.0
2025-04-08T11:45:14.010909,275821984,138368240,3840.0,3798.0
2025-04-08T11:45:15.012744,275822056,138368331,72.0,91.0
2025-04-08T11:45:16.015135,275822098,138368331,42.0,0.0
2025-04-08T11:45:17.016802,275833924,138374890,11826.0,6559.0
2025-04-08T11:45:18.018592,275834307,138375148,383.0,258.0
2025-04-08T11:45:19.019392,275834576,138375320,269.0,172.0
2025-04-08T11:45:20.020494,275838545,138379304,3969.0,3984.0
2025-04-08T11:45:21.022219,275838920,138379668,375.0,364.0
2025-04-08T11:45:22.023973,275839135,138380032,215.0,364.0
2025-04-08T11:45:23.025750,275844960,138385932,5825.0,5900.0
2025-04-08T11:45:24.027658,275845427,138386109,467.0,177.0
2025-04-08T11:45:25.029538,275856029,138396781,10602.0,10672.0
2025-04-08T11:45:26.031590,275860846,138400923,4817.0,4142.0
2025-04-08T11:45:27.032509,275860846,138400923,0.0,0.0
2025-04-08T11:45:28.033707,275860923,138400923,77.0,0.0
2025-04-08T11:45:29.035937,275864789,138404812,3866.0,3889.0
2025-04-08T11:45:30.037535,275864789,138404812,0.0,0.0
2025-04-08T11:45:31.038423,275865319,138405280,530.0,468.0
2025-04-08T11:45:32.039396,275869057,138409078,3738.0,3798.0
2025-04-08T11:45:33.040429,275869057,138409078,0.0,0.0
2025-04-08T11:45:34.041474,275869912,138409078,855.0,0.0
2025-04-08T11:45:35.042560,275873877,138413084,3965.0,4006.0
2025-04-08T11:45:36.043957,275873937,138413084,60.0,0.0
2025-04-08T11:45:37.045467,275874014,138413084,77.0,0.0
2025-04-08T11:45:38.047654,275877812,138416882,3798.0,3798.0
2025-04-08T11:45:39.049449,275880756,138418791,2944.0,1909.0
2025-04-08T11:45:40.050609,275880893,138418791,137.0,0.0
2025-04-08T11:45:41.051591,275884752,138422775,3859.0,3984.0
2025-04-08T11:45:42.052399,275885084,138423048,332.0,273.0
2025-04-08T11:45:43.053474,275885365,138423321,281.0,273.0
2025-04-08T11:45:44.054585,275889550,138427445,4185.0,4124.0
2025-04-08T11:45:45.056655,275890079,138427680,529.0,235.0
2025-04-08T11:45:46.057500,275892023,138428006,1944.0,326.0
2025-04-08T11:45:47.058474,275896140,138432039,4117.0,4033.0
2025-04-08T11:45:48.060375,275896669,138432039,529.0,0.0
2025-04-08T11:45:49.062580,275896898,138432254,229.0,215.0
2025-04-08T11:45:50.063748,275900636,138436052,3738.0,3798.0
2025-04-08T11:45:51.065502,275900696,138436052,60.0,0.0
2025-04-08T11:45:52.067900,275900773,138436052,77.0,0.0
2025-04-08T11:45:53.070347,275904571,138439850,3798.0,3798.0
2025-04-08T11:45:54.071750,275904571,138439850,0.0,0.0
2025-04-08T11:45:55.073462,275904708,138439850,137.0,0.0
2025-04-08T11:45:56.074402,275908514,138443739,3806.0,3889.0
2025-04-08T11:45:57.075381,275908574,138447164,60.0,3425.0
2025-04-08T11:45:58.077663,275913609,138448995,5035.0,1831.0
2025-04-08T11:45:59.079514,275917407,138452793,3798.0,3798.0
2025-04-08T11:46:00.080507,275917866,138453383,459.0,590.0
2025-04-08T11:46:01.081629,275918441,138453650,575.0,267.0
2025-04-08T11:46:02.082552,275922493,138457965,4052.0,4315.0
2025-04-08T11:46:03.083464,275923138,138458504,645.0,539.0
2025-04-08T11:46:04.084522,275923415,138458767,277.0,263.0
2025-04-08T11:46:05.085664,275927153,138462565,3738.0,3798.0
2025-04-08T11:46:06.087414,275935317,138462747,8164.0,182.0
2025-04-08T11:46:07.089306,275937449,138462747,2132.0,0.0
2025-04-08T11:46:08.091227,275946147,138469982,8698.0,7235.0
2025-04-08T11:46:09.092556,275946287,138470164,140.0,182.0
2025-04-08T11:46:10.093545,275946424,138470164,137.0,0.0
2025-04-08T11:46:11.094642,275950162,138473962,3738.0,3798.0
2025-04-08T11:46:12.096671,275950222,138473962,60.0,0.0
2025-04-08T11:46:13.098688,275950222,138473962,0.0,0.0
2025-04-08T11:46:14.100492,275954020,138477760,3798.0,3798.0
2025-04-08T11:46:15.101820,275954020,138477760,0.0,0.0
2025-04-08T11:46:16.103855,275954228,138477851,208.0,91.0
2025-04-08T11:46:17.105491,275971864,138487641,17636.0,9790.0
2025-04-08T11:46:18.107223,275974742,138487813,2878.0,172.0
2025-04-08T11:46:19.108389,275974742,138487813,0.0,0.0
2025-04-08T11:46:20.109390,275978540,138491611,3798.0,3798.0
2025-04-08T11:46:21.111520,275978540,138491611,0.0,0.0
2025-04-08T11:46:22.113576,275978866,138491979,326.0,368.0
2025-04-08T11:46:23.115684,275983312,138496394,4446.0,4415.0
2025-04-08T11:46:24.117960,275983780,138498174,468.0,1780.0
2025-04-08T11:46:25.119969,275987140,138498364,3360.0,190.0
2025-04-08T11:46:26.122125,275991037,138502279,3897.0,3915.0
2025-04-08T11:46:27.124419,275991097,138502279,60.0,0.0
2025-04-08T11:46:28.126383,275991174,138502279,77.0,0.0
2025-04-08T11:46:29.127412,275994972,138506077,3798.0,3798.0
2025-04-08T11:46:30.129176,275994972,138506077,0.0,0.0
2025-04-08T11:46:31.130401,275995109,138506077,137.0,0.0
2025-04-08T11:46:32.132473,275998847,138509875,3738.0,3798.0
2025-04-08T11:46:33.133648,275998907,138509875,60.0,0.0
2025-04-08T11:46:34.134501,275998984,138509875,77.0,0.0
2025-04-08T11:46:35.136609,276002782,138513673,3798.0,3798.0
2025-04-08T11:46:36.138434,276012115,138524062,9333.0,10389.0
2025-04-08T11:46:37.140597,276014169,138524256,2054.0,194.0
2025-04-08T11:46:38.142602,276017907,138528054,3738.0,3798.0
2025-04-08T11:46:39.143407,276017907,138528054,0.0,0.0
2025-04-08T11:46:40.145328,276018044,138528054,137.0,0.0
2025-04-08T11:46:41.147107,276021824,138531914,3780.0,3860.0
2025-04-08T11:46:42.149091,276021884,138531914,60.0,0.0
2025-04-08T11:46:43.150597,276022205,138532105,321.0,191.0
2025-04-08T11:46:44.151507,276026003,138535903,3798.0,3798.0
2025-04-08T11:46:45.152527,276026003,138535903,0.0,0.0
2025-04-08T11:46:46.153403,276026140,138535903,137.0,0.0
2025-04-08T11:46:47.154423,276038401,138544417,12261.0,8514.0
2025-04-08T11:46:48.155468,276038401,138544417,0.0,0.0
2025-04-08T11:46:49.156508,276038478,138544417,77.0,0.0
