timestamp,rx_bytes,tx_bytes,rx_rate_bps,tx_rate_bps
2025-04-10T00:34:30.983837,759840295,472482886,1943.0,2007.0
2025-04-10T00:34:31.985858,759840295,472482886,0.0,0.0
2025-04-10T00:34:32.987447,759846477,472489961,6182.0,7075.0
2025-04-10T00:34:33.988522,759849348,472492357,2871.0,2396.0
2025-04-10T00:34:34.989394,759849348,472492357,0.0,0.0
2025-04-10T00:34:35.990975,759849348,472492357,0.0,0.0
2025-04-10T00:34:36.992798,759851224,472494273,1876.0,1916.0
2025-04-10T00:34:37.994377,759851290,472494359,66.0,86.0
2025-04-10T00:34:38.995435,759851290,472494359,0.0,0.0
2025-04-10T00:34:39.996394,759853166,472496366,1876.0,2007.0
2025-04-10T00:34:40.997467,759853233,472496366,67.0,0.0
2025-04-10T00:34:41.998552,759853233,472496366,0.0,0.0
2025-04-10T00:34:42.999322,759855109,472498282,1876.0,1916.0
2025-04-10T00:34:44.000214,759855109,472498282,0.0,0.0
2025-04-10T00:34:45.001323,759855109,472498282,0.0,0.0
2025-04-10T00:34:46.002568,759857171,472500384,2062.0,2102.0
2025-04-10T00:34:47.003437,759857439,472500748,268.0,364.0
2025-04-10T00:34:48.004488,759863857,472507438,6418.0,6690.0
2025-04-10T00:34:49.005587,759865842,472509445,1985.0,2007.0
2025-04-10T00:34:50.006547,759865842,472509536,0.0,91.0
2025-04-10T00:34:51.007563,759865951,472509598,109.0,62.0
2025-04-10T00:34:52.008238,759867827,472511514,1876.0,1916.0
2025-04-10T00:34:53.009975,759867827,472511514,0.0,0.0
2025-04-10T00:34:54.011702,759867960,472511691,133.0,177.0
2025-04-10T00:34:55.017529,759870260,472513982,2300.0,2291.0
2025-04-10T00:34:56.018491,759870260,472513982,0.0,0.0
2025-04-10T00:34:57.019366,759870260,472513982,0.0,0.0
2025-04-10T00:34:58.020299,759872202,472515984,1942.0,2002.0
2025-04-10T00:34:59.021386,759872202,472515984,0.0,0.0
2025-04-10T00:35:00.022473,759872269,472516075,67.0,91.0
2025-04-10T00:35:01.024205,759874145,472517991,1876.0,1916.0
2025-04-10T00:35:02.026099,759874145,472517991,0.0,0.0
2025-04-10T00:35:03.027453,759874145,472517991,0.0,0.0
2025-04-10T00:35:04.029185,759876021,472519907,1876.0,1916.0
2025-04-10T00:35:05.030334,759876063,472519969,42.0,62.0
2025-04-10T00:35:06.032070,759876063,472519969,0.0,0.0
2025-04-10T00:35:07.033499,759878260,472522253,2197.0,2284.0
2025-04-10T00:35:08.034787,759878528,472522617,268.0,364.0
2025-04-10T00:35:09.036530,759878595,472522708,67.0,91.0
2025-04-10T00:35:10.037372,759880471,472524624,1876.0,1916.0
2025-04-10T00:35:11.038247,759880538,472524715,67.0,91.0
2025-04-10T00:35:12.039416,759880538,472524715,0.0,0.0
2025-04-10T00:35:13.040398,759882414,472526631,1876.0,1916.0
2025-04-10T00:35:14.041393,759882481,472526722,67.0,91.0
2025-04-10T00:35:15.042553,759882531,472526722,50.0,0.0
2025-04-10T00:35:16.043254,759884453,472528638,1922.0,1916.0
2025-04-10T00:35:17.044241,759891869,472532132,7416.0,3494.0
2025-04-10T00:35:18.045379,759893310,472532218,1441.0,86.0
2025-04-10T00:35:19.046399,759895286,472534134,1976.0,1916.0
2025-04-10T00:35:20.047416,759895332,472534134,46.0,0.0
2025-04-10T00:35:21.048400,759895453,472534225,121.0,91.0
2025-04-10T00:35:22.049390,759897371,472536203,1918.0,1978.0
2025-04-10T00:35:23.050352,759897659,472536461,288.0,258.0
2025-04-10T00:35:24.051444,759897659,472536543,0.0,82.0
2025-04-10T00:35:25.052527,759899535,472538459,1876.0,1916.0
2025-04-10T00:35:26.053514,759899535,472538459,0.0,0.0
2025-04-10T00:35:27.054488,759905906,472545075,6371.0,6616.0
2025-04-10T00:35:28.055393,759908184,472547449,2278.0,2374.0
2025-04-10T00:35:29.056303,759908251,472547540,67.0,91.0
2025-04-10T00:35:30.058147,759908318,472547631,67.0,91.0
2025-04-10T00:35:31.059870,759910261,472549638,1943.0,2007.0
2025-04-10T00:35:32.061394,759910261,472549638,0.0,0.0
2025-04-10T00:35:33.062496,759910261,472549638,0.0,0.0
2025-04-10T00:35:34.063556,759912137,472551554,1876.0,1916.0
2025-04-10T00:35:35.064234,759912204,472551645,67.0,91.0
2025-04-10T00:35:36.065971,759912204,472551645,0.0,0.0
2025-04-10T00:35:37.067391,759914080,472553561,1876.0,1916.0
2025-04-10T00:35:38.069335,759914080,472553561,0.0,0.0
2025-04-10T00:35:39.070397,759914080,472553561,0.0,0.0
2025-04-10T00:35:40.074554,759915956,472555477,1876.0,1916.0
2025-04-10T00:35:41.075328,759916023,472555568,67.0,91.0
2025-04-10T00:35:42.077333,759916023,472555568,0.0,0.0
2025-04-10T00:35:43.079085,759917965,472557656,1942.0,2088.0
2025-04-10T00:35:44.080359,759918031,472557656,66.0,0.0
2025-04-10T00:35:45.082085,759918031,472557891,0.0,235.0
2025-04-10T00:35:46.083983,759919907,472560042,1876.0,2151.0
2025-04-10T00:35:47.085623,759919907,472560277,0.0,235.0
2025-04-10T00:35:48.086298,759920295,472560971,388.0,694.0
2025-04-10T00:35:49.087842,759936873,472568606,16578.0,7635.0
2025-04-10T00:35:50.089401,759970784,472599946,33911.0,31340.0
2025-04-10T00:35:51.090361,760007720,472601136,36936.0,1190.0
2025-04-10T00:35:52.091429,760009864,472603416,2144.0,2280.0
2025-04-10T00:35:53.092459,760009973,472603569,109.0,153.0
2025-04-10T00:35:54.093341,760009973,472603569,0.0,0.0
2025-04-10T00:35:55.095599,760011916,472605576,1943.0,2007.0
2025-04-10T00:35:56.096336,760012360,472605834,444.0,258.0
2025-04-10T00:35:57.097550,760012360,472605834,0.0,0.0
2025-04-10T00:35:58.099454,760014303,472607841,1943.0,2007.0
2025-04-10T00:35:59.100554,760014303,472607841,0.0,0.0
2025-04-10T00:36:00.101387,760014669,472608314,366.0,473.0
2025-04-10T00:36:01.102943,760016932,472610402,2263.0,2088.0
2025-04-10T00:36:02.104656,760016932,472610402,0.0,0.0
2025-04-10T00:36:03.105535,760016932,472610402,0.0,0.0
2025-04-10T00:36:04.106406,760018808,472612318,1876.0,1916.0
2025-04-10T00:36:05.107510,760018875,472612409,67.0,91.0
2025-04-10T00:36:06.109282,760028897,472612409,10022.0,0.0
2025-04-10T00:36:07.110479,760030773,472614325,1876.0,1916.0
2025-04-10T00:36:08.111359,760030959,472614506,186.0,181.0
2025-04-10T00:36:09.112385,760031227,472614870,268.0,364.0
2025-04-10T00:36:10.114158,760033304,472617059,2077.0,2189.0
2025-04-10T00:36:11.115569,760033371,472617150,67.0,91.0
2025-04-10T00:36:12.121554,760033371,472617150,0.0,0.0
2025-04-10T00:36:13.123269,760035314,472619157,1943.0,2007.0
2025-04-10T00:36:14.124322,760035314,472619157,0.0,0.0
2025-04-10T00:36:15.125272,760035314,472619157,0.0,0.0
2025-04-10T00:36:16.126364,760037311,472621164,1997.0,2007.0
2025-04-10T00:36:17.127424,760051712,472626505,14401.0,5341.0
2025-04-10T00:36:18.129198,760053153,472626677,1441.0,172.0
2025-04-10T00:36:19.130540,760055029,472628593,1876.0,1916.0
2025-04-10T00:36:20.131482,760055029,472628593,0.0,0.0
2025-04-10T00:36:21.132434,760055029,472628593,0.0,0.0
2025-04-10T00:36:22.133311,760057653,472631128,2624.0,2535.0
2025-04-10T00:36:23.134384,760057719,472631128,66.0,0.0
2025-04-10T00:36:24.135534,760057719,472631128,0.0,0.0
2025-04-10T00:36:25.136423,760059595,472633044,1876.0,1916.0
2025-04-10T00:36:26.137355,760059595,472633044,0.0,0.0
2025-04-10T00:36:27.140415,760059637,472633106,42.0,62.0
2025-04-10T00:36:28.141570,760063023,472636552,3386.0,3446.0
2025-04-10T00:36:29.142389,760063411,472637011,388.0,459.0
2025-04-10T00:36:30.143458,760063612,472637284,201.0,273.0
