timestamp,rx_bytes,tx_bytes,rx_rate_bps,tx_rate_bps
2025-03-27T15:04:26.421459,1365797155,566676745,1876.0,1916.0
2025-03-27T15:04:27.422444,1365797155,566676745,0.0,0.0
2025-03-27T15:04:28.423389,1365797155,566676745,0.0,0.0
2025-03-27T15:04:29.424358,1365812121,566683986,14966.0,7241.0
2025-03-27T15:04:30.425320,1365814857,566684158,2736.0,172.0
2025-03-27T15:04:31.427146,1365814857,566684158,0.0,0.0
2025-03-27T15:04:32.429018,1365816733,566686074,1876.0,1916.0
2025-03-27T15:04:33.430855,1365816733,566686074,0.0,0.0
2025-03-27T15:04:34.432444,1365816733,566686074,0.0,0.0
2025-03-27T15:04:35.434553,1365819053,566688334,2320.0,2260.0
2025-03-27T15:04:36.436549,1365819461,566688869,408.0,535.0
2025-03-27T15:04:37.437427,1365819848,566689041,387.0,172.0
2025-03-27T15:04:38.439463,1365821843,566690957,1995.0,1916.0
2025-03-27T15:04:39.440333,1365821843,566690957,0.0,0.0
2025-03-27T15:04:40.441333,1365821843,566690957,0.0,0.0
2025-03-27T15:04:41.442288,1365823719,566692873,1876.0,1916.0
2025-03-27T15:04:42.443306,1365823719,566692873,0.0,0.0
2025-03-27T15:04:43.444422,1365823719,566692873,0.0,0.0
2025-03-27T15:04:44.446488,1365825595,566694789,1876.0,1916.0
2025-03-27T15:04:45.448590,1365825595,566694789,0.0,0.0
2025-03-27T15:04:46.450745,1365825595,566694789,0.0,0.0
2025-03-27T15:04:47.452421,1365827471,566696705,1876.0,1916.0
2025-03-27T15:04:48.454591,1365827471,566696705,0.0,0.0
2025-03-27T15:04:49.456433,1365827471,566696705,0.0,0.0
2025-03-27T15:04:50.458388,1365829347,566698621,1876.0,1916.0
2025-03-27T15:04:51.460569,1365829347,566698621,0.0,0.0
2025-03-27T15:04:52.462500,1365829347,566698793,0.0,172.0
2025-03-27T15:04:53.464245,1365831355,566700709,2008.0,1916.0
2025-03-27T15:04:54.465982,1365831355,566700709,0.0,0.0
2025-03-27T15:04:55.467668,1365831355,566700709,0.0,0.0
2025-03-27T15:04:56.469575,1365833231,566702625,1876.0,1916.0
2025-03-27T15:04:57.471478,1365833231,566702625,0.0,0.0
2025-03-27T15:04:58.473735,1365833350,566702625,119.0,0.0
2025-03-27T15:04:59.475589,1365835226,566704541,1876.0,1916.0
2025-03-27T15:05:00.477531,1365835226,566704541,0.0,0.0
2025-03-27T15:05:01.479782,1365835226,566704541,0.0,0.0
2025-03-27T15:05:02.481397,1365837102,566706457,1876.0,1916.0
2025-03-27T15:05:03.482407,1365837102,566706457,0.0,0.0
2025-03-27T15:05:04.484813,1365837102,566706457,0.0,0.0
2025-03-27T15:05:05.486724,1365854423,566714555,17321.0,8098.0
2025-03-27T15:05:06.488597,1365865633,566719089,11210.0,4534.0
2025-03-27T15:05:07.490325,1365908533,566724312,42900.0,5223.0
2025-03-27T15:05:08.492152,1365910409,566726228,1876.0,1916.0
2025-03-27T15:05:09.493584,1365910409,566726228,0.0,0.0
2025-03-27T15:05:10.495776,1365910451,566726290,42.0,62.0
2025-03-27T15:05:11.497977,1365912327,566728206,1876.0,1916.0
2025-03-27T15:05:12.499479,1365912771,566728464,444.0,258.0
2025-03-27T15:05:13.501362,1365912771,566728464,0.0,0.0
2025-03-27T15:05:14.502451,1365914647,566730380,1876.0,1916.0
2025-03-27T15:05:15.503623,1365914647,566730380,0.0,0.0
2025-03-27T15:05:16.505580,1365914647,566730380,0.0,0.0
2025-03-27T15:05:17.507468,1365916523,566732296,1876.0,1916.0
2025-03-27T15:05:18.508304,1365916642,566732296,119.0,0.0
2025-03-27T15:05:19.509472,1365916692,566732296,50.0,0.0
2025-03-27T15:05:20.510498,1365918568,566734212,1876.0,1916.0
2025-03-27T15:05:21.511525,1365918568,566734212,0.0,0.0
2025-03-27T15:05:22.513358,1365918568,566734212,0.0,0.0
2025-03-27T15:05:23.515504,1365920444,566736128,1876.0,1916.0
2025-03-27T15:05:24.516422,1365920544,566736128,100.0,0.0
2025-03-27T15:05:25.517583,1365920544,566736128,0.0,0.0
2025-03-27T15:05:26.519909,1365922520,566738126,1976.0,1998.0
2025-03-27T15:05:27.522116,1365922620,566738126,100.0,0.0
2025-03-27T15:05:28.523573,1365922620,566738126,0.0,0.0
2025-03-27T15:05:29.525991,1365932474,566742881,9854.0,4755.0
2025-03-27T15:05:30.527884,1365932474,566742881,0.0,0.0
2025-03-27T15:05:31.529494,1365932474,566742881,0.0,0.0
2025-03-27T15:05:32.530728,1365934392,566744797,1918.0,1916.0
2025-03-27T15:05:33.532391,1365934392,566744797,0.0,0.0
2025-03-27T15:05:34.534571,1365934614,566744969,222.0,172.0
2025-03-27T15:05:35.536420,1365936490,566746885,1876.0,1916.0
2025-03-27T15:05:36.537593,1365936490,566746885,0.0,0.0
2025-03-27T15:05:37.539436,1365936490,566746885,0.0,0.0
2025-03-27T15:05:38.540459,1365938527,566748863,2037.0,1978.0
2025-03-27T15:05:39.542601,1365938527,566748863,0.0,0.0
2025-03-27T15:05:40.544460,1365938527,566748863,0.0,0.0
2025-03-27T15:05:41.546549,1365940403,566750951,1876.0,2088.0
2025-03-27T15:05:42.547369,1365940535,566750951,132.0,0.0
2025-03-27T15:05:43.548485,1365940535,566750951,0.0,0.0
2025-03-27T15:05:44.549470,1365942411,566752867,1876.0,1916.0
2025-03-27T15:05:45.550355,1365942411,566752867,0.0,0.0
2025-03-27T15:05:46.551577,1365942411,566752867,0.0,0.0
2025-03-27T15:05:47.553857,1365944287,566754783,1876.0,1916.0
2025-03-27T15:05:48.556065,1365944287,566754783,0.0,0.0
2025-03-27T15:05:49.557615,1365944287,566754783,0.0,0.0
2025-03-27T15:05:50.559458,1365946163,566756699,1876.0,1916.0
2025-03-27T15:05:51.561651,1365946163,566756699,0.0,0.0
2025-03-27T15:05:52.563567,1365946163,566756699,0.0,0.0
2025-03-27T15:05:53.564564,1365948039,566758615,1876.0,1916.0
2025-03-27T15:05:54.566835,1365948039,566758615,0.0,0.0
2025-03-27T15:05:55.568326,1365948039,566758615,0.0,0.0
2025-03-27T15:05:56.570060,1365949915,566760531,1876.0,1916.0
2025-03-27T15:05:57.571780,1365949915,566760531,0.0,0.0
2025-03-27T15:05:58.573323,1365950034,566760531,119.0,0.0
2025-03-27T15:05:59.574661,1365951910,566762447,1876.0,1916.0
2025-03-27T15:06:00.576923,1365951910,566762447,0.0,0.0
2025-03-27T15:06:01.579058,1365951910,566762447,0.0,0.0
2025-03-27T15:06:02.580560,1365953786,566764363,1876.0,1916.0
2025-03-27T15:06:03.582393,1365953786,566764363,0.0,0.0
2025-03-27T15:06:04.584559,1365953786,566764363,0.0,0.0
2025-03-27T15:06:05.586893,1365965684,566766279,11898.0,1916.0
2025-03-27T15:06:06.588775,1365965804,566766279,120.0,0.0
2025-03-27T15:06:07.590992,1365982282,566773011,16478.0,6732.0
2025-03-27T15:06:08.592844,1366001971,566783426,19689.0,10415.0
2025-03-27T15:06:09.594544,1366036808,566783856,34837.0,430.0
2025-03-27T15:06:10.595448,1366036808,566783856,0.0,0.0
2025-03-27T15:06:11.596599,1366038738,566785772,1930.0,1916.0
2025-03-27T15:06:12.598489,1366038780,566785834,42.0,62.0
2025-03-27T15:06:13.600655,1366038780,566785834,0.0,0.0
2025-03-27T15:06:14.602578,1366041100,566788008,2320.0,2174.0
2025-03-27T15:06:15.603590,1366041100,566788008,0.0,0.0
2025-03-27T15:06:16.605869,1366097986,566795035,56886.0,7027.0
2025-03-27T15:06:17.607997,1366099862,566796951,1876.0,1916.0
2025-03-27T15:06:18.609831,1366099981,566796951,119.0,0.0
2025-03-27T15:06:19.611436,1366099981,566796951,0.0,0.0
2025-03-27T15:06:20.613464,1366101857,566798867,1876.0,1916.0
2025-03-27T15:06:21.614449,1366101857,566798867,0.0,0.0
2025-03-27T15:06:22.616261,1366104547,566801577,2690.0,2710.0
2025-03-27T15:06:23.617441,1366105177,566802227,630.0,650.0
2025-03-27T15:06:24.618427,1366105177,566802227,0.0,0.0
2025-03-27T15:06:25.619559,1366105177,566802227,0.0,0.0
