timestamp,rx_bytes,tx_bytes,rx_rate_bps,tx_rate_bps
2025-03-22T20:38:43.423382,283911276,125009373,1978.0,1916.0
2025-03-22T20:38:44.425569,283911276,125009373,0.0,0.0
2025-03-22T20:38:45.427867,283912029,125010331,753.0,958.0
2025-03-22T20:38:46.429715,283913289,125011289,1260.0,958.0
2025-03-22T20:38:47.431428,283913349,125011289,60.0,0.0
2025-03-22T20:38:48.432399,283914042,125012247,693.0,958.0
2025-03-22T20:38:49.433565,283915362,125013205,1320.0,958.0
2025-03-22T20:38:50.435412,283915362,125013205,0.0,0.0
2025-03-22T20:38:51.436554,283916437,125014163,1075.0,958.0
2025-03-22T20:38:52.438429,283917375,125015121,938.0,958.0
2025-03-22T20:38:53.440458,283917435,125015121,60.0,0.0
2025-03-22T20:38:54.441583,283918450,125016079,1015.0,958.0
2025-03-22T20:38:55.443406,283919448,125017037,998.0,958.0
2025-03-22T20:38:56.444378,283919448,125017037,0.0,0.0
2025-03-22T20:38:57.446223,283920463,125017995,1015.0,958.0
2025-03-22T20:38:58.448326,283921461,125018953,998.0,958.0
2025-03-22T20:38:59.450097,283921461,125018953,0.0,0.0
2025-03-22T20:39:00.452295,283922536,125019911,1075.0,958.0
2025-03-22T20:39:01.454475,283923474,125020869,938.0,958.0
2025-03-22T20:39:02.456369,283923534,125020869,60.0,0.0
2025-03-22T20:39:03.457393,283924549,125021827,1015.0,958.0
2025-03-22T20:39:04.458421,283925547,125022785,998.0,958.0
2025-03-22T20:39:05.459630,283925547,125022785,0.0,0.0
2025-03-22T20:39:06.461605,283926622,125023743,1075.0,958.0
2025-03-22T20:39:07.463405,283927560,125024701,938.0,958.0
2025-03-22T20:39:08.465207,283927620,125024701,60.0,0.0
2025-03-22T20:39:09.466939,283928635,125025659,1015.0,958.0
2025-03-22T20:39:10.468633,283929633,125026617,998.0,958.0
2025-03-22T20:39:11.470395,283929633,125026617,0.0,0.0
2025-03-22T20:39:12.471303,283930708,125027575,1075.0,958.0
2025-03-22T20:39:13.472284,283931646,125028533,938.0,958.0
2025-03-22T20:39:14.474009,283932072,125029006,426.0,473.0
2025-03-22T20:39:15.475722,283933474,125030136,1402.0,1130.0
2025-03-22T20:39:16.477350,283934472,125031094,998.0,958.0
2025-03-22T20:39:17.478320,283934472,125031094,0.0,0.0
2025-03-22T20:39:18.480039,283935547,125032052,1075.0,958.0
2025-03-22T20:39:19.481891,283936527,125033072,980.0,1020.0
2025-03-22T20:39:20.483620,283936587,125033072,60.0,0.0
2025-03-22T20:39:21.485329,283937602,125034030,1015.0,958.0
2025-03-22T20:39:22.486273,283938600,125034988,998.0,958.0
2025-03-22T20:39:23.488019,283938600,125034988,0.0,0.0
2025-03-22T20:39:24.489753,283939675,125035946,1075.0,958.0
2025-03-22T20:39:25.491389,283940613,125036904,938.0,958.0
2025-03-22T20:39:26.493029,283940715,125036904,102.0,0.0
2025-03-22T20:39:27.494795,283998296,125043928,57581.0,7024.0
2025-03-22T20:39:28.496530,283999294,125044886,998.0,958.0
2025-03-22T20:39:29.498609,284016021,125051580,16727.0,6694.0
2025-03-22T20:39:30.500894,284017096,125052624,1075.0,1044.0
2025-03-22T20:39:31.503127,284018034,125053582,938.0,958.0
2025-03-22T20:39:32.505184,284018094,125053582,60.0,0.0
2025-03-22T20:39:33.507323,284018787,125054540,693.0,958.0
2025-03-22T20:39:34.508445,284020263,125055670,1476.0,1130.0
2025-03-22T20:39:35.510593,284020551,125055842,288.0,172.0
2025-03-22T20:39:36.512423,284021626,125056800,1075.0,958.0
2025-03-22T20:39:37.513400,284022564,125057758,938.0,958.0
2025-03-22T20:39:38.514417,284022624,125057758,60.0,0.0
2025-03-22T20:39:39.515428,284023639,125058716,1015.0,958.0
2025-03-22T20:39:40.516391,284024637,125059674,998.0,958.0
2025-03-22T20:39:41.517385,284024637,125059674,0.0,0.0
2025-03-22T20:39:42.518428,284025712,125060632,1075.0,958.0
2025-03-22T20:39:43.519370,284026650,125061590,938.0,958.0
2025-03-22T20:39:44.521350,284026710,125061590,60.0,0.0
2025-03-22T20:39:45.523475,284027725,125062548,1015.0,958.0
2025-03-22T20:39:46.525564,284028723,125063506,998.0,958.0
2025-03-22T20:39:47.527665,284028723,125063506,0.0,0.0
2025-03-22T20:39:48.529852,284029798,125064464,1075.0,958.0
2025-03-22T20:39:49.532160,284030736,125065422,938.0,958.0
2025-03-22T20:39:50.534357,284030796,125065422,60.0,0.0
2025-03-22T20:39:51.536229,284031489,125066380,693.0,958.0
2025-03-22T20:39:52.538336,284032487,125067338,998.0,958.0
2025-03-22T20:39:53.540436,284032487,125067338,0.0,0.0
2025-03-22T20:39:54.542289,284033884,125068296,1397.0,958.0
2025-03-22T20:39:55.544131,284034822,125069254,938.0,958.0
2025-03-22T20:39:56.546161,284034924,125069254,102.0,0.0
2025-03-22T20:39:57.548215,284035939,125070212,1015.0,958.0
2025-03-22T20:39:58.549427,284036937,125071170,998.0,958.0
2025-03-22T20:39:59.550383,284036937,125071170,0.0,0.0
2025-03-22T20:40:00.551607,284038012,125072128,1075.0,958.0
2025-03-22T20:40:01.553417,284038950,125073086,938.0,958.0
2025-03-22T20:40:02.554395,284039010,125073086,60.0,0.0
2025-03-22T20:40:03.556477,284040109,125074044,1099.0,958.0
2025-03-22T20:40:04.558630,284041107,125075002,998.0,958.0
2025-03-22T20:40:05.560912,284041149,125075002,42.0,0.0
2025-03-22T20:40:06.563052,284052270,125075960,11121.0,958.0
2025-03-22T20:40:07.565306,284053250,125076918,980.0,958.0
2025-03-22T20:40:08.567467,284053352,125076918,102.0,0.0
2025-03-22T20:40:09.569626,284054409,125077876,1057.0,958.0
2025-03-22T20:40:10.571872,284055347,125078834,938.0,958.0
2025-03-22T20:40:11.574113,284055407,125078834,60.0,0.0
2025-03-22T20:40:12.576333,284056422,125079792,1015.0,958.0
2025-03-22T20:40:13.578376,284057420,125080750,998.0,958.0
2025-03-22T20:40:14.580532,284057420,125080750,0.0,0.0
2025-03-22T20:40:15.582365,284058561,125081794,1141.0,1044.0
2025-03-22T20:40:16.583404,284059499,125082752,938.0,958.0
2025-03-22T20:40:17.585242,284059559,125082752,60.0,0.0
2025-03-22T20:40:18.586402,284060574,125083710,1015.0,958.0
2025-03-22T20:40:19.587587,284061572,125084668,998.0,958.0
2025-03-22T20:40:20.589418,284061656,125084792,84.0,124.0
2025-03-22T20:40:21.590409,284062731,125085750,1075.0,958.0
2025-03-22T20:40:22.592318,284063669,125086708,938.0,958.0
2025-03-22T20:40:23.594065,284063729,125086708,60.0,0.0
2025-03-22T20:40:24.595784,284064744,125087666,1015.0,958.0
2025-03-22T20:40:25.597464,284065742,125088624,998.0,958.0
2025-03-22T20:40:26.598311,284065742,125088624,0.0,0.0
2025-03-22T20:40:27.599289,284066817,125089582,1075.0,958.0
2025-03-22T20:40:28.601184,284067755,125090540,938.0,958.0
2025-03-22T20:40:29.602931,284075963,125093745,8208.0,3205.0
2025-03-22T20:40:30.604442,284076978,125094703,1015.0,958.0
2025-03-22T20:40:31.606204,284077976,125095661,998.0,958.0
2025-03-22T20:40:32.607305,284077976,125095661,0.0,0.0
2025-03-22T20:40:33.609034,284079051,125096619,1075.0,958.0
2025-03-22T20:40:34.610909,284080145,125097663,1094.0,1044.0
2025-03-22T20:40:35.612332,284080337,125098093,192.0,430.0
2025-03-22T20:40:36.614221,284081080,125099137,743.0,1044.0
2025-03-22T20:40:37.615305,284082466,125100263,1386.0,1126.0
2025-03-22T20:40:38.616418,284082466,125100349,0.0,86.0
2025-03-22T20:40:39.617324,284085977,125103709,3511.0,3360.0
2025-03-22T20:40:40.619139,284086023,125103709,46.0,0.0
2025-03-22T20:40:41.621039,284086137,125103709,114.0,0.0
2025-03-22T20:40:42.622804,284086952,125104445,815.0,736.0
