timestamp,rx_bytes,tx_bytes,rx_rate_bps,tx_rate_bps
2025-03-25T05:37:46.704474,846264336,356238840,1876.0,1916.0
2025-03-25T05:37:47.705558,846264336,356238840,0.0,0.0
2025-03-25T05:37:48.706318,846264336,356238840,0.0,0.0
2025-03-25T05:37:49.708036,846266212,356240756,1876.0,1916.0
2025-03-25T05:37:50.709769,846266212,356240756,0.0,0.0
2025-03-25T05:37:51.711641,846266212,356240756,0.0,0.0
2025-03-25T05:37:52.713897,846268088,356242672,1876.0,1916.0
2025-03-25T05:37:53.715388,846268088,356242672,0.0,0.0
2025-03-25T05:37:54.716491,846268088,356242672,0.0,0.0
2025-03-25T05:37:55.718648,846269964,356244588,1876.0,1916.0
2025-03-25T05:37:56.720542,846269964,356244588,0.0,0.0
2025-03-25T05:37:57.722347,846269964,356244588,0.0,0.0
2025-03-25T05:37:58.724501,846271840,356246504,1876.0,1916.0
2025-03-25T05:37:59.726661,846271840,356246504,0.0,0.0
2025-03-25T05:38:00.728579,846271840,356246504,0.0,0.0
2025-03-25T05:38:01.730348,846273716,356248420,1876.0,1916.0
2025-03-25T05:38:02.732068,846273716,356248420,0.0,0.0
2025-03-25T05:38:03.733796,846273716,356248420,0.0,0.0
2025-03-25T05:38:04.735440,846275592,356250336,1876.0,1916.0
2025-03-25T05:38:05.737310,846285614,356250336,10022.0,0.0
2025-03-25T05:38:06.739162,846285614,356250336,0.0,0.0
2025-03-25T05:38:07.740995,846287490,356252252,1876.0,1916.0
2025-03-25T05:38:08.743224,846287490,356252252,0.0,0.0
2025-03-25T05:38:09.745549,846287490,356252252,0.0,0.0
2025-03-25T05:38:10.747562,846289366,356254168,1876.0,1916.0
2025-03-25T05:38:11.749958,846289366,356254168,0.0,0.0
2025-03-25T05:38:12.752201,846289366,356254168,0.0,0.0
2025-03-25T05:38:13.753441,846291242,356256084,1876.0,1916.0
2025-03-25T05:38:14.755425,846291242,356256084,0.0,0.0
2025-03-25T05:38:15.757413,846291242,356256084,0.0,0.0
2025-03-25T05:38:16.759439,846293118,356258000,1876.0,1916.0
2025-03-25T05:38:17.761259,846293118,356258000,0.0,0.0
2025-03-25T05:38:18.762425,846293118,356258000,0.0,0.0
2025-03-25T05:38:19.764418,846294994,356259916,1876.0,1916.0
2025-03-25T05:38:20.765533,846294994,356259916,0.0,0.0
2025-03-25T05:38:21.766426,846294994,356259916,0.0,0.0
2025-03-25T05:38:22.768630,846296870,356261832,1876.0,1916.0
2025-03-25T05:38:23.770430,846296870,356261832,0.0,0.0
2025-03-25T05:38:24.771455,846296870,356261832,0.0,0.0
2025-03-25T05:38:25.773603,846298746,356263748,1876.0,1916.0
2025-03-25T05:38:26.775750,846298746,356263748,0.0,0.0
2025-03-25T05:38:27.777400,846298746,356263748,0.0,0.0
2025-03-25T05:38:28.778413,846300622,356265664,1876.0,1916.0
2025-03-25T05:38:29.779395,846308600,356268503,7978.0,2839.0
2025-03-25T05:38:30.781266,846308600,356268503,0.0,0.0
2025-03-25T05:38:31.782409,846310476,356270419,1876.0,1916.0
2025-03-25T05:38:32.784397,846310476,356270419,0.0,0.0
2025-03-25T05:38:33.785563,846310476,356270419,0.0,0.0
2025-03-25T05:38:34.787571,846312616,356272569,2140.0,2150.0
2025-03-25T05:38:35.789399,846312616,356272569,0.0,0.0
2025-03-25T05:38:36.791528,846312616,356272569,0.0,0.0
2025-03-25T05:38:37.792415,846314492,356274485,1876.0,1916.0
2025-03-25T05:38:38.794519,846314492,356274485,0.0,0.0
2025-03-25T05:38:39.796649,846314492,356274485,0.0,0.0
2025-03-25T05:38:40.798603,846316368,356276401,1876.0,1916.0
2025-03-25T05:38:41.800360,846316368,356276401,0.0,0.0
2025-03-25T05:38:42.801370,846316368,356276401,0.0,0.0
2025-03-25T05:38:43.802524,846318244,356278317,1876.0,1916.0
2025-03-25T05:38:44.803374,846318244,356278317,0.0,0.0
2025-03-25T05:38:45.805360,846318244,356278317,0.0,0.0
2025-03-25T05:38:46.807169,846320120,356280233,1876.0,1916.0
2025-03-25T05:38:47.808987,846320120,356280233,0.0,0.0
2025-03-25T05:38:48.810943,846320120,356280233,0.0,0.0
2025-03-25T05:38:49.813096,846321996,356282149,1876.0,1916.0
2025-03-25T05:38:50.815094,846321996,356282149,0.0,0.0
2025-03-25T05:38:51.817325,846321996,356282149,0.0,0.0
2025-03-25T05:38:52.819487,846323872,356284065,1876.0,1916.0
2025-03-25T05:38:53.821313,846323914,356284065,42.0,0.0
2025-03-25T05:38:54.822421,846323956,356284065,42.0,0.0
2025-03-25T05:38:55.824264,846325874,356285981,1918.0,1916.0
2025-03-25T05:38:56.826094,846325874,356285981,0.0,0.0
2025-03-25T05:38:57.827329,846325874,356285981,0.0,0.0
2025-03-25T05:38:58.828530,846327750,356287897,1876.0,1916.0
2025-03-25T05:38:59.830826,846327750,356287897,0.0,0.0
2025-03-25T05:39:00.832583,846327750,356287897,0.0,0.0
2025-03-25T05:39:01.834820,846329626,356289813,1876.0,1916.0
2025-03-25T05:39:02.837075,846329626,356289813,0.0,0.0
2025-03-25T05:39:03.839285,846329626,356289813,0.0,0.0
2025-03-25T05:39:04.841304,846331502,356291729,1876.0,1916.0
2025-03-25T05:39:05.843491,846331502,356291729,0.0,0.0
2025-03-25T05:39:06.845654,846331502,356291729,0.0,0.0
2025-03-25T05:39:07.847617,846333378,356293645,1876.0,1916.0
2025-03-25T05:39:08.849455,846333378,356293645,0.0,0.0
2025-03-25T05:39:09.851180,846333378,356293645,0.0,0.0
2025-03-25T05:39:10.852980,846335254,356295561,1876.0,1916.0
2025-03-25T05:39:11.854374,846335254,356295561,0.0,0.0
2025-03-25T05:39:12.855583,846335254,356295561,0.0,0.0
2025-03-25T05:39:13.856557,846337130,356297477,1876.0,1916.0
2025-03-25T05:39:14.857401,846337130,356297477,0.0,0.0
2025-03-25T05:39:15.859515,846337130,356297477,0.0,0.0
2025-03-25T05:39:16.860442,846339006,356299393,1876.0,1916.0
2025-03-25T05:39:17.861533,846339006,356299393,0.0,0.0
2025-03-25T05:39:18.863357,846339006,356299393,0.0,0.0
2025-03-25T05:39:19.865625,846340882,356301309,1876.0,1916.0
2025-03-25T05:39:20.867948,846340882,356301309,0.0,0.0
2025-03-25T05:39:21.869416,846340882,356301309,0.0,0.0
2025-03-25T05:39:22.871155,846342758,356303225,1876.0,1916.0
2025-03-25T05:39:23.872888,846342758,356303225,0.0,0.0
2025-03-25T05:39:24.874585,846342758,356303225,0.0,0.0
2025-03-25T05:39:25.876270,846344684,356305141,1926.0,1916.0
2025-03-25T05:39:26.878418,846344684,356305141,0.0,0.0
2025-03-25T05:39:27.879431,846344684,356305223,0.0,82.0
2025-03-25T05:39:28.881276,846346560,356307139,1876.0,1916.0
2025-03-25T05:39:29.883442,846363089,356313201,16529.0,6062.0
2025-03-25T05:39:30.885362,846363185,356313201,96.0,0.0
2025-03-25T05:39:31.887201,846365061,356315117,1876.0,1916.0
2025-03-25T05:39:32.889464,846365061,356315117,0.0,0.0
2025-03-25T05:39:33.891608,846365061,356315117,0.0,0.0
2025-03-25T05:39:34.893433,846367423,356317439,2362.0,2322.0
2025-03-25T05:39:35.895185,846367423,356317439,0.0,0.0
2025-03-25T05:39:36.896364,846367789,356317912,366.0,473.0
2025-03-25T05:39:37.897544,846370048,356320000,2259.0,2088.0
2025-03-25T05:39:38.899285,846370048,356320000,0.0,0.0
2025-03-25T05:39:39.901115,846370048,356320000,0.0,0.0
2025-03-25T05:39:40.902940,846371924,356321916,1876.0,1916.0
2025-03-25T05:39:41.904412,846371924,356321916,0.0,0.0
2025-03-25T05:39:42.905347,846373508,356323500,1584.0,1584.0
2025-03-25T05:39:43.906356,846375244,356325276,1736.0,1776.0
2025-03-25T05:39:44.908110,846375244,356325276,0.0,0.0
2025-03-25T05:39:45.909335,846375244,356325276,0.0,0.0
