timestamp,rx_bytes,tx_bytes,rx_rate_bps,tx_rate_bps
2025-03-21T16:40:14.921367,80727215,25064740,1876.0,1916.0
2025-03-21T16:40:15.922460,80727215,25064740,0.0,0.0
2025-03-21T16:40:16.924284,80727215,25064740,0.0,0.0
2025-03-21T16:40:17.926457,80729091,25066656,1876.0,1916.0
2025-03-21T16:40:18.927551,80729091,25066656,0.0,0.0
2025-03-21T16:40:19.928314,80729133,25066656,42.0,0.0
2025-03-21T16:40:20.930181,80731051,25068572,1918.0,1916.0
2025-03-21T16:40:21.931428,80731093,25068572,42.0,0.0
2025-03-21T16:40:22.933400,80795373,25074364,64280.0,5792.0
2025-03-21T16:40:23.934575,80797291,25076280,1918.0,1916.0
2025-03-21T16:40:24.936754,80797333,25076280,42.0,0.0
2025-03-21T16:40:25.938565,80797375,25076280,42.0,0.0
2025-03-21T16:40:26.940763,80799293,25078196,1918.0,1916.0
2025-03-21T16:40:27.942495,80799335,25078196,42.0,0.0
2025-03-21T16:40:28.944227,80799377,25078196,42.0,0.0
2025-03-21T16:40:29.945305,80801295,25080112,1918.0,1916.0
2025-03-21T16:40:30.947168,80801337,25080112,42.0,0.0
2025-03-21T16:40:31.949307,80801379,25080112,42.0,0.0
2025-03-21T16:40:32.950427,80803416,25082028,2037.0,1916.0
2025-03-21T16:40:33.952471,80803416,25082028,0.0,0.0
2025-03-21T16:40:34.953412,80803416,25082028,0.0,0.0
2025-03-21T16:40:35.955537,80805292,25083944,1876.0,1916.0
2025-03-21T16:40:36.957742,80805292,25083944,0.0,0.0
2025-03-21T16:40:37.959309,80805292,25083944,0.0,0.0
2025-03-21T16:40:38.961018,80807168,25085860,1876.0,1916.0
2025-03-21T16:40:39.962724,80807168,25085860,0.0,0.0
2025-03-21T16:40:40.964579,80807168,25085860,0.0,0.0
2025-03-21T16:40:41.966377,80809044,25087776,1876.0,1916.0
2025-03-21T16:40:42.968651,80809044,25087776,0.0,0.0
2025-03-21T16:40:43.970531,80809044,25087776,0.0,0.0
2025-03-21T16:40:44.972635,80810920,25089692,1876.0,1916.0
2025-03-21T16:40:45.974943,80810920,25089692,0.0,0.0
2025-03-21T16:40:46.976393,80810920,25089692,0.0,0.0
2025-03-21T16:40:47.977297,80812796,25091608,1876.0,1916.0
2025-03-21T16:40:48.978310,80812796,25091608,0.0,0.0
2025-03-21T16:40:49.979576,80812796,25091608,0.0,0.0
2025-03-21T16:40:50.980436,80814672,25093524,1876.0,1916.0
2025-03-21T16:40:51.982633,80814672,25093524,0.0,0.0
2025-03-21T16:40:52.984953,80814791,25093524,119.0,0.0
2025-03-21T16:40:53.986407,80816667,25095440,1876.0,1916.0
2025-03-21T16:40:54.988572,80816667,25095440,0.0,0.0
2025-03-21T16:40:55.989423,80816667,25095440,0.0,0.0
2025-03-21T16:40:56.990312,80818543,25097356,1876.0,1916.0
2025-03-21T16:40:57.992033,80818543,25097356,0.0,0.0
2025-03-21T16:40:58.993766,80818543,25097356,0.0,0.0
2025-03-21T16:40:59.995987,80828958,25102642,10415.0,5286.0
2025-03-21T16:41:00.998156,80828958,25102642,0.0,0.0
2025-03-21T16:41:02.000280,80828958,25102642,0.0,0.0
2025-03-21T16:41:03.002303,80830834,25104558,1876.0,1916.0
2025-03-21T16:41:04.004235,80830834,25104558,0.0,0.0
2025-03-21T16:41:05.005359,80831098,25104792,264.0,234.0
2025-03-21T16:41:06.007202,80832974,25106708,1876.0,1916.0
2025-03-21T16:41:07.008331,80832974,25106708,0.0,0.0
2025-03-21T16:41:08.009365,80832974,25106708,0.0,0.0
2025-03-21T16:41:09.010350,80834850,25108624,1876.0,1916.0
2025-03-21T16:41:10.011390,80834916,25108710,66.0,86.0
2025-03-21T16:41:11.012417,80834916,25108710,0.0,0.0
2025-03-21T16:41:12.013509,80836792,25110626,1876.0,1916.0
2025-03-21T16:41:13.014418,80836911,25110626,119.0,0.0
2025-03-21T16:41:14.016385,80836911,25110626,0.0,0.0
2025-03-21T16:41:15.017638,80838787,25112542,1876.0,1916.0
2025-03-21T16:41:16.019291,80838787,25112542,0.0,0.0
2025-03-21T16:41:17.020303,80838787,25112542,0.0,0.0
2025-03-21T16:41:18.021336,80840663,25114458,1876.0,1916.0
2025-03-21T16:41:19.023287,80840663,25114458,0.0,0.0
2025-03-21T16:41:20.025396,80840663,25114458,0.0,0.0
2025-03-21T16:41:21.027556,80842539,25116374,1876.0,1916.0
2025-03-21T16:41:22.029362,80842581,25116374,42.0,0.0
2025-03-21T16:41:23.031463,80842994,25116374,413.0,0.0
2025-03-21T16:41:24.033309,80844870,25118290,1876.0,1916.0
2025-03-21T16:41:25.034300,80844920,25118290,50.0,0.0
2025-03-21T16:41:26.035328,80844920,25118290,0.0,0.0
2025-03-21T16:41:27.036372,80846842,25120206,1922.0,1916.0
2025-03-21T16:41:28.037395,80846842,25120206,0.0,0.0
2025-03-21T16:41:29.038431,80846842,25120206,0.0,0.0
2025-03-21T16:41:30.040378,80848772,25122122,1930.0,1916.0
2025-03-21T16:41:31.041570,80848772,25122122,0.0,0.0
2025-03-21T16:41:32.042568,80848826,25122122,54.0,0.0
2025-03-21T16:41:33.044814,80850875,25124038,2049.0,1916.0
2025-03-21T16:41:34.046545,80850875,25124120,0.0,82.0
2025-03-21T16:41:35.048242,80850875,25124120,0.0,0.0
2025-03-21T16:41:36.049955,80852751,25126036,1876.0,1916.0
2025-03-21T16:41:37.051768,80852751,25126036,0.0,0.0
2025-03-21T16:41:38.054090,80852751,25126036,0.0,0.0
2025-03-21T16:41:39.056117,80854627,25127952,1876.0,1916.0
2025-03-21T16:41:40.058322,80854627,25127952,0.0,0.0
2025-03-21T16:41:41.059548,80854669,25127952,42.0,0.0
2025-03-21T16:41:42.061410,80856545,25129868,1876.0,1916.0
2025-03-21T16:41:43.063389,80856545,25129868,0.0,0.0
2025-03-21T16:41:44.065217,80856545,25129868,0.0,0.0
2025-03-21T16:41:45.066969,80858421,25131784,1876.0,1916.0
2025-03-21T16:41:46.068328,80858421,25131784,0.0,0.0
2025-03-21T16:41:47.070460,80858529,25131784,108.0,0.0
2025-03-21T16:41:48.071405,80860405,25133700,1876.0,1916.0
2025-03-21T16:41:49.072576,80860405,25133700,0.0,0.0
2025-03-21T16:41:50.074389,80860405,25133700,0.0,0.0
2025-03-21T16:41:51.076260,80862281,25135616,1876.0,1916.0
2025-03-21T16:41:52.077472,80862281,25135616,0.0,0.0
2025-03-21T16:41:53.078462,80862798,25135800,517.0,184.0
2025-03-21T16:41:54.080196,80870058,25137716,7260.0,1916.0
2025-03-21T16:41:55.081941,80875318,25137716,5260.0,0.0
2025-03-21T16:41:56.084086,80875318,25137716,0.0,0.0
2025-03-21T16:41:57.085436,80877194,25139632,1876.0,1916.0
2025-03-21T16:41:58.087381,80877236,25139694,42.0,62.0
2025-03-21T16:41:59.089522,80877278,25139756,42.0,62.0
2025-03-21T16:42:00.090422,80887132,25144511,9854.0,4755.0
2025-03-21T16:42:01.092593,80887132,25144511,0.0,0.0
2025-03-21T16:42:02.094490,80887132,25144511,0.0,0.0
2025-03-21T16:42:03.096283,80889008,25146427,1876.0,1916.0
2025-03-21T16:42:04.097298,80889008,25146427,0.0,0.0
2025-03-21T16:42:05.098987,80889230,25146599,222.0,172.0
2025-03-21T16:42:06.101196,80900660,25148515,11430.0,1916.0
2025-03-21T16:42:07.102426,80900660,25148515,0.0,0.0
2025-03-21T16:42:08.103567,80900660,25148515,0.0,0.0
2025-03-21T16:42:09.104403,80902536,25150431,1876.0,1916.0
2025-03-21T16:42:10.106622,80902536,25150431,0.0,0.0
2025-03-21T16:42:11.108849,80902536,25150431,0.0,0.0
2025-03-21T16:42:12.110430,80905856,25153791,3320.0,3360.0
2025-03-21T16:42:13.111373,80905856,25153791,0.0,0.0
2025-03-21T16:42:14.112420,80905856,25153791,0.0,0.0
