timestamp,rx_bytes,tx_bytes,rx_rate_bps,tx_rate_bps
2025-03-27T14:10:36.899483,1360129542,563386163,1876.0,1916.0
2025-03-27T14:10:37.900469,1360129542,563386163,0.0,0.0
2025-03-27T14:10:38.901333,1360129542,563386163,0.0,0.0
2025-03-27T14:10:39.903073,1360131418,563388079,1876.0,1916.0
2025-03-27T14:10:40.904838,1360131418,563388079,0.0,0.0
2025-03-27T14:10:41.906446,1360131418,563388079,0.0,0.0
2025-03-27T14:10:42.907399,1360133336,563389995,1918.0,1916.0
2025-03-27T14:10:43.909567,1360133455,563389995,119.0,0.0
2025-03-27T14:10:44.911880,1360133455,563389995,0.0,0.0
2025-03-27T14:10:45.913458,1360135331,563391911,1876.0,1916.0
2025-03-27T14:10:46.915162,1360135331,563391911,0.0,0.0
2025-03-27T14:10:47.917462,1360135331,563391911,0.0,0.0
2025-03-27T14:10:48.919276,1360137207,563393827,1876.0,1916.0
2025-03-27T14:10:49.920444,1360137207,563393827,0.0,0.0
2025-03-27T14:10:50.921410,1360137823,563394785,616.0,958.0
2025-03-27T14:10:51.922298,1360139083,563395743,1260.0,958.0
2025-03-27T14:10:52.923363,1360139083,563395743,0.0,0.0
2025-03-27T14:10:53.925119,1360139699,563396701,616.0,958.0
2025-03-27T14:10:54.926461,1360140959,563397659,1260.0,958.0
2025-03-27T14:10:55.928325,1360140959,563397659,0.0,0.0
2025-03-27T14:10:56.930186,1360141897,563398617,938.0,958.0
2025-03-27T14:10:57.932371,1360142835,563399575,938.0,958.0
2025-03-27T14:10:58.934273,1360142835,563399575,0.0,0.0
2025-03-27T14:10:59.935572,1360143773,563400533,938.0,958.0
2025-03-27T14:11:00.937790,1360144711,563401491,938.0,958.0
2025-03-27T14:11:01.939890,1360144711,563401491,0.0,0.0
2025-03-27T14:11:02.941789,1360145649,563402449,938.0,958.0
2025-03-27T14:11:03.944143,1360146706,563403407,1057.0,958.0
2025-03-27T14:11:04.946043,1360146772,563403493,66.0,86.0
2025-03-27T14:11:05.947302,1360147710,563404451,938.0,958.0
2025-03-27T14:11:06.948973,1360148846,563405409,1136.0,958.0
2025-03-27T14:11:07.950381,1360148936,563405409,90.0,0.0
2025-03-27T14:11:08.951460,1360149924,563406367,988.0,958.0
2025-03-27T14:11:09.953813,1360150904,563407469,980.0,1102.0
2025-03-27T14:11:10.956188,1360150904,563407469,0.0,0.0
2025-03-27T14:11:11.957406,1360153569,563412879,2665.0,5410.0
2025-03-27T14:11:12.959794,1360209556,563415761,55987.0,2882.0
2025-03-27T14:11:13.961870,1360209556,563415761,0.0,0.0
2025-03-27T14:11:14.963812,1360210540,563416719,984.0,958.0
2025-03-27T14:11:15.965464,1360211478,563417677,938.0,958.0
2025-03-27T14:11:16.967378,1360211574,563417739,96.0,62.0
2025-03-27T14:11:17.968345,1360212558,563418697,984.0,958.0
2025-03-27T14:11:18.969322,1360213496,563419655,938.0,958.0
2025-03-27T14:11:19.970314,1360213496,563419655,0.0,0.0
2025-03-27T14:11:20.972052,1360214434,563420613,938.0,958.0
2025-03-27T14:11:21.973541,1360236920,563431103,22486.0,10490.0
2025-03-27T14:11:22.974477,1360284500,563437060,47580.0,5957.0
2025-03-27T14:11:23.975487,1360285438,563438104,938.0,1044.0
2025-03-27T14:11:24.976489,1360286376,563439062,938.0,958.0
2025-03-27T14:11:25.977783,1360286376,563439062,0.0,0.0
2025-03-27T14:11:26.979418,1360287314,563440020,938.0,958.0
2025-03-27T14:11:27.981296,1360288696,563441236,1382.0,1216.0
2025-03-27T14:11:28.983461,1360288696,563441236,0.0,0.0
2025-03-27T14:11:29.984456,1360297612,563445033,8916.0,3797.0
2025-03-27T14:11:30.986382,1360298550,563445991,938.0,958.0
2025-03-27T14:11:31.987326,1360298550,563445991,0.0,0.0
2025-03-27T14:11:32.989238,1360299488,563446949,938.0,958.0
2025-03-27T14:11:33.990420,1360300426,563447907,938.0,958.0
2025-03-27T14:11:34.992398,1360300648,563448079,222.0,172.0
2025-03-27T14:11:35.994641,1360301586,563449037,938.0,958.0
2025-03-27T14:11:36.996395,1360302524,563449995,938.0,958.0
2025-03-27T14:11:37.997494,1360302524,563449995,0.0,0.0
2025-03-27T14:11:38.999777,1360303462,563450953,938.0,958.0
2025-03-27T14:11:40.001980,1360304400,563451911,938.0,958.0
2025-03-27T14:11:41.003848,1360304442,563451911,42.0,0.0
2025-03-27T14:11:42.005449,1360305380,563452869,938.0,958.0
2025-03-27T14:11:43.007637,1360306318,563453827,938.0,958.0
2025-03-27T14:11:44.009387,1360306318,563453827,0.0,0.0
2025-03-27T14:11:45.011157,1360307256,563454785,938.0,958.0
2025-03-27T14:11:46.012927,1360308194,563455743,938.0,958.0
2025-03-27T14:11:47.014466,1360308194,563455743,0.0,0.0
2025-03-27T14:11:48.015461,1360309132,563456701,938.0,958.0
2025-03-27T14:11:49.017648,1360310070,563457659,938.0,958.0
2025-03-27T14:11:50.019921,1360310136,563457745,66.0,86.0
2025-03-27T14:11:51.021418,1360311074,563458703,938.0,958.0
2025-03-27T14:11:52.023589,1360312012,563459661,938.0,958.0
2025-03-27T14:11:53.025943,1360312012,563459661,0.0,0.0
2025-03-27T14:11:54.027728,1360312950,563460619,938.0,958.0
2025-03-27T14:11:55.029429,1360313930,563461639,980.0,1020.0
2025-03-27T14:11:56.031419,1360313930,563461639,0.0,0.0
2025-03-27T14:11:57.032312,1360314868,563462597,938.0,958.0
2025-03-27T14:11:58.034055,1360315872,563463641,1004.0,1044.0
2025-03-27T14:11:59.035322,1360315872,563463641,0.0,0.0
2025-03-27T14:12:00.036415,1360316810,563464599,938.0,958.0
2025-03-27T14:12:01.037453,1360317748,563465557,938.0,958.0
2025-03-27T14:12:02.038588,1360317748,563465557,0.0,0.0
2025-03-27T14:12:03.040730,1360318686,563466515,938.0,958.0
2025-03-27T14:12:04.042555,1360319624,563467473,938.0,958.0
2025-03-27T14:12:05.044795,1360319624,563467473,0.0,0.0
2025-03-27T14:12:06.046747,1360325046,563468431,5422.0,958.0
2025-03-27T14:12:07.048422,1360330995,563469389,5949.0,958.0
2025-03-27T14:12:08.050287,1360330995,563469389,0.0,0.0
2025-03-27T14:12:09.052471,1360331933,563470347,938.0,958.0
2025-03-27T14:12:10.054203,1360332871,563471305,938.0,958.0
2025-03-27T14:12:11.055924,1360332871,563471305,0.0,0.0
2025-03-27T14:12:12.057564,1360333809,563472263,938.0,958.0
2025-03-27T14:12:13.058302,1360334747,563473221,938.0,958.0
2025-03-27T14:12:14.060175,1360334747,563473221,0.0,0.0
2025-03-27T14:12:15.062318,1360335685,563474179,938.0,958.0
2025-03-27T14:12:16.064396,1360336623,563475137,938.0,958.0
2025-03-27T14:12:17.065432,1360336623,563475137,0.0,0.0
2025-03-27T14:12:18.067437,1360337561,563476095,938.0,958.0
2025-03-27T14:12:19.068450,1360338499,563477053,938.0,958.0
2025-03-27T14:12:20.070286,1360338499,563477053,0.0,0.0
2025-03-27T14:12:21.072158,1360339491,563478011,992.0,958.0
2025-03-27T14:12:22.073990,1360340429,563478969,938.0,958.0
2025-03-27T14:12:23.075351,1360340429,563478969,0.0,0.0
2025-03-27T14:12:24.077086,1360362981,563489373,22552.0,10404.0
2025-03-27T14:12:25.079017,1360412927,563496828,49946.0,7455.0
2025-03-27T14:12:26.080360,1360413438,563496890,511.0,62.0
2025-03-27T14:12:27.082536,1360414585,563497848,1147.0,958.0
2025-03-27T14:12:28.084785,1360415642,563498806,1057.0,958.0
2025-03-27T14:12:29.086436,1360415642,563498806,0.0,0.0
2025-03-27T14:12:30.088276,1360418274,563501052,2632.0,2246.0
2025-03-27T14:12:31.090167,1360419212,563502010,938.0,958.0
2025-03-27T14:12:32.091386,1360419212,563502010,0.0,0.0
2025-03-27T14:12:33.092580,1360422532,563505370,3320.0,3360.0
2025-03-27T14:12:34.094800,1360422532,563505370,0.0,0.0
2025-03-27T14:12:35.096515,1360422827,563505742,295.0,372.0
2025-03-27T14:12:36.097343,1360423457,563506392,630.0,650.0
