timestamp,rx_bytes,tx_bytes,rx_rate_bps,tx_rate_bps
2025-03-24T03:03:10.904605,502217684,232031958,1876.0,1916.0
2025-03-24T03:03:11.906855,502217684,232031958,0.0,0.0
2025-03-24T03:03:12.908395,502217684,232031958,0.0,0.0
2025-03-24T03:03:13.910280,502219560,232033874,1876.0,1916.0
2025-03-24T03:03:14.912236,502219560,232033874,0.0,0.0
2025-03-24T03:03:15.913474,502219560,232033874,0.0,0.0
2025-03-24T03:03:16.915854,502221436,232035790,1876.0,1916.0
2025-03-24T03:03:17.918151,502221436,232035790,0.0,0.0
2025-03-24T03:03:18.920313,502221436,232035790,0.0,0.0
2025-03-24T03:03:19.922374,502223312,232037706,1876.0,1916.0
2025-03-24T03:03:20.923377,502223312,232037706,0.0,0.0
2025-03-24T03:03:21.924448,502223312,232037706,0.0,0.0
2025-03-24T03:03:22.925366,502225188,232039622,1876.0,1916.0
2025-03-24T03:03:23.926561,502225188,232039622,0.0,0.0
2025-03-24T03:03:24.928620,502225188,232039622,0.0,0.0
2025-03-24T03:03:25.930414,502227064,232041538,1876.0,1916.0
2025-03-24T03:03:26.931613,502227064,232041538,0.0,0.0
2025-03-24T03:03:27.933384,502227064,232041538,0.0,0.0
2025-03-24T03:03:28.934422,502228940,232043454,1876.0,1916.0
2025-03-24T03:03:29.935558,502228940,232043454,0.0,0.0
2025-03-24T03:03:30.936777,502229006,232043540,66.0,86.0
2025-03-24T03:03:31.938438,502230882,232045456,1876.0,1916.0
2025-03-24T03:03:32.939437,502230882,232045456,0.0,0.0
2025-03-24T03:03:33.941259,502230932,232045538,50.0,82.0
2025-03-24T03:03:34.942402,502232862,232047454,1930.0,1916.0
2025-03-24T03:03:35.944179,502232904,232047516,42.0,62.0
2025-03-24T03:03:36.945463,502232904,232047516,0.0,0.0
2025-03-24T03:03:37.946458,502234780,232049432,1876.0,1916.0
2025-03-24T03:03:38.948475,502234780,232049432,0.0,0.0
2025-03-24T03:03:39.949388,502234780,232049432,0.0,0.0
2025-03-24T03:03:40.950485,502236656,232051348,1876.0,1916.0
2025-03-24T03:03:41.951437,502236710,232051348,54.0,0.0
2025-03-24T03:03:42.953398,502236710,232051348,0.0,0.0
2025-03-24T03:03:43.954545,502238586,232053264,1876.0,1916.0
2025-03-24T03:03:44.955393,502238586,232053264,0.0,0.0
2025-03-24T03:03:45.956409,502238586,232053264,0.0,0.0
2025-03-24T03:03:46.957511,502240462,232055180,1876.0,1916.0
2025-03-24T03:03:47.959375,502240462,232055180,0.0,0.0
2025-03-24T03:03:48.961579,502240462,232055180,0.0,0.0
2025-03-24T03:03:49.963771,502242338,232057096,1876.0,1916.0
2025-03-24T03:03:50.965424,502242338,232057096,0.0,0.0
2025-03-24T03:03:51.967188,502242338,232057096,0.0,0.0
2025-03-24T03:03:52.968921,502244214,232059012,1876.0,1916.0
2025-03-24T03:03:53.970618,502244214,232059012,0.0,0.0
2025-03-24T03:03:54.972346,502244214,232059012,0.0,0.0
2025-03-24T03:03:55.974157,502246090,232060928,1876.0,1916.0
2025-03-24T03:03:56.975347,502246132,232060928,42.0,0.0
2025-03-24T03:03:57.977549,502246132,232060928,0.0,0.0
2025-03-24T03:03:58.979609,502248008,232062844,1876.0,1916.0
2025-03-24T03:03:59.981604,502255986,232065683,7978.0,2839.0
2025-03-24T03:04:00.983785,502255986,232065683,0.0,0.0
2025-03-24T03:04:01.985370,502257862,232067599,1876.0,1916.0
2025-03-24T03:04:02.987228,502257862,232067599,0.0,0.0
2025-03-24T03:04:03.989007,502257862,232067599,0.0,0.0
2025-03-24T03:04:04.990989,502260002,232069749,2140.0,2150.0
2025-03-24T03:04:05.992413,502270024,232069749,10022.0,0.0
2025-03-24T03:04:06.993342,502270024,232069749,0.0,0.0
2025-03-24T03:04:07.994373,502271900,232071665,1876.0,1916.0
2025-03-24T03:04:08.995438,502271900,232071665,0.0,0.0
2025-03-24T03:04:09.996381,502271900,232071665,0.0,0.0
2025-03-24T03:04:10.998474,502273818,232073581,1918.0,1916.0
2025-03-24T03:04:12.000610,502273860,232073581,42.0,0.0
2025-03-24T03:04:13.002755,502274602,232074073,742.0,492.0
2025-03-24T03:04:14.005037,502276922,232076333,2320.0,2260.0
2025-03-24T03:04:15.006931,502277383,232076764,461.0,431.0
2025-03-24T03:04:16.008418,502277776,232076948,393.0,184.0
2025-03-24T03:04:17.009419,502279652,232078864,1876.0,1916.0
2025-03-24T03:04:18.010375,502279652,232078864,0.0,0.0
2025-03-24T03:04:19.012421,502279652,232078864,0.0,0.0
2025-03-24T03:04:20.013416,502281570,232080842,1918.0,1978.0
2025-03-24T03:04:21.015249,502281570,232080842,0.0,0.0
2025-03-24T03:04:22.016571,502281570,232080842,0.0,0.0
2025-03-24T03:04:23.017556,502283446,232082758,1876.0,1916.0
2025-03-24T03:04:24.019802,502283446,232082758,0.0,0.0
2025-03-24T03:04:25.021577,502283446,232082758,0.0,0.0
2025-03-24T03:04:26.023348,502285322,232084674,1876.0,1916.0
2025-03-24T03:04:27.025158,502285322,232084674,0.0,0.0
2025-03-24T03:04:28.026490,502285322,232084674,0.0,0.0
2025-03-24T03:04:29.027584,502287198,232086590,1876.0,1916.0
2025-03-24T03:04:30.029602,502334595,232093613,47397.0,7023.0
2025-03-24T03:04:31.031906,502334595,232093613,0.0,0.0
2025-03-24T03:04:32.033756,502336471,232095529,1876.0,1916.0
2025-03-24T03:04:33.035379,502336471,232095529,0.0,0.0
2025-03-24T03:04:34.037426,502336471,232095529,0.0,0.0
2025-03-24T03:04:35.038395,502338791,232097789,2320.0,2260.0
2025-03-24T03:04:36.040449,502338791,232097789,0.0,0.0
2025-03-24T03:04:37.042287,502338791,232097789,0.0,0.0
2025-03-24T03:04:38.044375,502340667,232099705,1876.0,1916.0
2025-03-24T03:04:39.046608,502340667,232099705,0.0,0.0
2025-03-24T03:04:40.048602,502340667,232099705,0.0,0.0
2025-03-24T03:04:41.050914,502342543,232101621,1876.0,1916.0
2025-03-24T03:04:42.053143,502342543,232101621,0.0,0.0
2025-03-24T03:04:43.054442,502342875,232101621,332.0,0.0
2025-03-24T03:04:44.056618,502345134,232103537,2259.0,1916.0
2025-03-24T03:04:45.058447,502345405,232103537,271.0,0.0
2025-03-24T03:04:46.059410,502345405,232103537,0.0,0.0
2025-03-24T03:04:47.061227,502347571,232105453,2166.0,1916.0
2025-03-24T03:04:48.062399,502347571,232105453,0.0,0.0
2025-03-24T03:04:49.064751,502347571,232105453,0.0,0.0
2025-03-24T03:04:50.066576,502349447,232107369,1876.0,1916.0
2025-03-24T03:04:51.068866,502349447,232107369,0.0,0.0
2025-03-24T03:04:52.071072,502349447,232107369,0.0,0.0
2025-03-24T03:04:53.072417,502351323,232109285,1876.0,1916.0
2025-03-24T03:04:54.074592,502351323,232109285,0.0,0.0
2025-03-24T03:04:55.076554,502351323,232109285,0.0,0.0
2025-03-24T03:04:56.077342,502353199,232111201,1876.0,1916.0
2025-03-24T03:04:57.078391,502353199,232111201,0.0,0.0
2025-03-24T03:04:58.079384,502353199,232111201,0.0,0.0
2025-03-24T03:04:59.080388,502355075,232113117,1876.0,1916.0
2025-03-24T03:05:00.081380,502363053,232115956,7978.0,2839.0
2025-03-24T03:05:01.082486,502363053,232115956,0.0,0.0
2025-03-24T03:05:02.083379,502364929,232117872,1876.0,1916.0
2025-03-24T03:05:03.084492,502364929,232117872,0.0,0.0
2025-03-24T03:05:04.085354,502364929,232117872,0.0,0.0
2025-03-24T03:05:05.086364,502367111,232120084,2182.0,2212.0
2025-03-24T03:05:06.087427,502367111,232120084,0.0,0.0
2025-03-24T03:05:07.088599,502369643,232122794,2532.0,2710.0
2025-03-24T03:05:08.090776,502370431,232123444,788.0,650.0
2025-03-24T03:05:09.092721,502370431,232123444,0.0,0.0
2025-03-24T03:05:10.094575,502370431,232123444,0.0,0.0
