timestamp,rx_bytes,tx_bytes,rx_rate_bps,tx_rate_bps
2025-03-20T21:43:25.531003,1451469716,410742170,1876.0,1916.0
2025-03-20T21:43:26.532829,1451469853,410742170,137.0,0.0
2025-03-20T21:43:27.533833,1451469853,410742170,0.0,0.0
2025-03-20T21:43:28.535929,1451471789,410744086,1936.0,1916.0
2025-03-20T21:43:29.537977,1451471866,410744086,77.0,0.0
2025-03-20T21:43:30.538899,1451471926,410744086,60.0,0.0
2025-03-20T21:43:31.539707,1451473802,410746002,1876.0,1916.0
2025-03-20T21:43:32.540735,1451473939,410746002,137.0,0.0
2025-03-20T21:43:33.542541,1451473981,410746002,42.0,0.0
2025-03-20T21:43:34.543714,1451475959,410747918,1978.0,1916.0
2025-03-20T21:43:35.545775,1451476078,410747918,119.0,0.0
2025-03-20T21:43:36.547895,1451476138,410747918,60.0,0.0
2025-03-20T21:43:37.548803,1451478014,410749834,1876.0,1916.0
2025-03-20T21:43:38.550856,1451478151,410749834,137.0,0.0
2025-03-20T21:43:39.553213,1451478151,410749834,0.0,0.0
2025-03-20T21:43:40.554844,1451480770,410752395,2619.0,2561.0
2025-03-20T21:43:41.555822,1451480913,410752395,143.0,0.0
2025-03-20T21:43:42.558180,1451481015,410752395,102.0,0.0
2025-03-20T21:43:43.560595,1451482891,410754311,1876.0,1916.0
2025-03-20T21:43:44.561830,1451483028,410754311,137.0,0.0
2025-03-20T21:43:45.563656,1451483070,410754373,42.0,62.0
2025-03-20T21:43:46.564706,1451485006,410756289,1936.0,1916.0
2025-03-20T21:43:47.566451,1451485083,410756289,77.0,0.0
2025-03-20T21:43:48.568193,1451485143,410756289,60.0,0.0
2025-03-20T21:43:49.570399,1451487019,410758205,1876.0,1916.0
2025-03-20T21:43:50.571948,1451487156,410758205,137.0,0.0
2025-03-20T21:43:51.572802,1451487156,410758205,0.0,0.0
2025-03-20T21:43:52.573826,1451489092,410760121,1936.0,1916.0
2025-03-20T21:43:53.576205,1451489281,410760121,189.0,0.0
2025-03-20T21:43:54.578545,1451489395,410760121,114.0,0.0
2025-03-20T21:43:55.579829,1451491403,410762209,2008.0,2088.0
2025-03-20T21:43:56.582003,1451491540,410762209,137.0,0.0
2025-03-20T21:43:57.584434,1451491640,410762209,100.0,0.0
2025-03-20T21:43:58.586473,1451493576,410764125,1936.0,1916.0
2025-03-20T21:43:59.587801,1451493653,410764125,77.0,0.0
2025-03-20T21:44:00.589658,1451493767,410764125,114.0,0.0
2025-03-20T21:44:01.590813,1451495697,410766041,1930.0,1916.0
2025-03-20T21:44:02.592619,1451495888,410766123,191.0,82.0
2025-03-20T21:44:03.594391,1451495888,410766123,0.0,0.0
2025-03-20T21:44:04.596758,1451497824,410768039,1936.0,1916.0
2025-03-20T21:44:05.597924,1451497901,410768039,77.0,0.0
2025-03-20T21:44:06.598905,1451507983,410768039,10082.0,0.0
2025-03-20T21:44:07.599972,1451509859,410769955,1876.0,1916.0
2025-03-20T21:44:08.601817,1451509936,410769955,77.0,0.0
2025-03-20T21:44:09.602847,1451509996,410769955,60.0,0.0
2025-03-20T21:44:10.603997,1451511872,410771871,1876.0,1916.0
2025-03-20T21:44:11.606139,1451512009,410771871,137.0,0.0
2025-03-20T21:44:12.607810,1451512009,410771871,0.0,0.0
2025-03-20T21:44:13.608777,1451513945,410773787,1936.0,1916.0
2025-03-20T21:44:14.610647,1451514022,410773787,77.0,0.0
2025-03-20T21:44:15.611935,1451514124,410773787,102.0,0.0
2025-03-20T21:44:16.613817,1451516000,410775703,1876.0,1916.0
2025-03-20T21:44:17.614882,1451516179,410775703,179.0,0.0
2025-03-20T21:44:18.615941,1451516179,410775703,0.0,0.0
2025-03-20T21:44:19.618128,1451518115,410777619,1936.0,1916.0
2025-03-20T21:44:20.619922,1451518192,410777619,77.0,0.0
2025-03-20T21:44:21.620864,1451518252,410777619,60.0,0.0
2025-03-20T21:44:22.622790,1451520128,410779535,1876.0,1916.0
2025-03-20T21:44:23.623846,1451520265,410779535,137.0,0.0
2025-03-20T21:44:24.624929,1451520265,410779535,0.0,0.0
2025-03-20T21:44:25.626952,1451522201,410781451,1936.0,1916.0
2025-03-20T21:44:26.627839,1451522278,410781451,77.0,0.0
2025-03-20T21:44:27.629065,1451522338,410781451,60.0,0.0
2025-03-20T21:44:28.630751,1451523570,410783367,1232.0,1916.0
2025-03-20T21:44:29.631806,1451524351,410783367,781.0,0.0
2025-03-20T21:44:30.632714,1451524351,410783367,0.0,0.0
2025-03-20T21:44:31.633958,1451526287,410785283,1936.0,1916.0
2025-03-20T21:44:32.634790,1451526364,410785283,77.0,0.0
2025-03-20T21:44:33.635833,1451526424,410785283,60.0,0.0
2025-03-20T21:44:34.636987,1451528300,410787199,1876.0,1916.0
2025-03-20T21:44:35.637806,1451528437,410787199,137.0,0.0
2025-03-20T21:44:36.638814,1451528521,410787199,84.0,0.0
2025-03-20T21:44:37.639995,1451530499,410789115,1978.0,1916.0
2025-03-20T21:44:38.641820,1451530618,410789115,119.0,0.0
2025-03-20T21:44:39.643014,1451530720,410789115,102.0,0.0
2025-03-20T21:44:40.644845,1451532728,410791203,2008.0,2088.0
2025-03-20T21:44:41.646170,1451532865,410791203,137.0,0.0
2025-03-20T21:44:42.647934,1451532865,410791203,0.0,0.0
2025-03-20T21:44:43.648805,1451534157,410793119,1292.0,1916.0
2025-03-20T21:44:44.649812,1451534234,410793119,77.0,0.0
2025-03-20T21:44:45.650816,1451535022,410793243,788.0,124.0
2025-03-20T21:44:46.651797,1451536296,410795159,1274.0,1916.0
2025-03-20T21:44:47.652953,1451536475,410795159,179.0,0.0
2025-03-20T21:44:48.654816,1451536517,410795159,42.0,0.0
2025-03-20T21:44:49.655835,1451538131,410797075,1614.0,1916.0
2025-03-20T21:44:50.657893,1451538530,410797075,399.0,0.0
2025-03-20T21:44:51.658910,1451538590,410797075,60.0,0.0
2025-03-20T21:44:52.660992,1451541110,410798991,2520.0,1916.0
2025-03-20T21:44:53.662993,1451541247,410798991,137.0,0.0
2025-03-20T21:44:54.664818,1451541247,410798991,0.0,0.0
2025-03-20T21:44:55.666006,1451543183,410800907,1936.0,1916.0
2025-03-20T21:44:56.667909,1451543260,410800907,77.0,0.0
2025-03-20T21:44:57.669022,1451543320,410800907,60.0,0.0
2025-03-20T21:44:58.670842,1451545196,410802823,1876.0,1916.0
2025-03-20T21:44:59.671797,1451545333,410802823,137.0,0.0
2025-03-20T21:45:00.672809,1451545333,410802823,0.0,0.0
2025-03-20T21:45:01.673802,1451546625,410804739,1292.0,1916.0
2025-03-20T21:45:02.674757,1451546702,410804739,77.0,0.0
2025-03-20T21:45:03.675970,1451546762,410804739,60.0,0.0
2025-03-20T21:45:04.677990,1451548638,410806655,1876.0,1916.0
2025-03-20T21:45:05.680239,1451548775,410806655,137.0,0.0
2025-03-20T21:45:06.681981,1451548775,410806655,0.0,0.0
2025-03-20T21:45:07.684064,1451551355,410808571,2580.0,1916.0
2025-03-20T21:45:08.686375,1451551474,410808571,119.0,0.0
2025-03-20T21:45:09.688253,1451551576,410808571,102.0,0.0
2025-03-20T21:45:10.690006,1451553548,410810487,1972.0,1916.0
2025-03-20T21:45:11.692318,1451553769,410810487,221.0,0.0
2025-03-20T21:45:12.694543,1451553811,410810487,42.0,0.0
2025-03-20T21:45:13.695827,1451555789,410812403,1978.0,1916.0
2025-03-20T21:45:14.696781,1451556004,410812403,215.0,0.0
2025-03-20T21:45:15.697807,1451556064,410812403,60.0,0.0
2025-03-20T21:45:16.698671,1451558024,410814319,1960.0,1916.0
2025-03-20T21:45:17.699710,1451558245,410814319,221.0,0.0
2025-03-20T21:45:18.700705,1451558287,410814319,42.0,0.0
2025-03-20T21:45:19.701869,1451560163,410816235,1876.0,1916.0
2025-03-20T21:45:20.704003,1451560300,410816235,137.0,0.0
2025-03-20T21:45:21.706149,1451560300,410816235,0.0,0.0
2025-03-20T21:45:22.708355,1451563680,410819595,3380.0,3360.0
2025-03-20T21:45:23.710276,1451563757,410819595,77.0,0.0
2025-03-20T21:45:24.711925,1451563817,410819595,60.0,0.0
