timestamp,rx_bytes,tx_bytes,rx_rate_bps,tx_rate_bps
2025-04-09T12:57:02.501449,615221876,368225419,1876.0,1916.0
2025-04-09T12:57:03.502554,615221987,368225510,111.0,91.0
2025-04-09T12:57:04.504397,615222029,368225510,42.0,0.0
2025-04-09T12:57:05.505491,615223947,368227426,1918.0,1916.0
2025-04-09T12:57:06.506635,615230299,368234042,6352.0,6616.0
2025-04-09T12:57:07.507490,615230299,368234042,0.0,0.0
2025-04-09T12:57:08.508644,615232217,368235958,1918.0,1916.0
2025-04-09T12:57:09.510437,615232217,368235958,0.0,0.0
2025-04-09T12:57:10.511471,615232217,368235958,0.0,0.0
2025-04-09T12:57:11.513551,615234135,368237936,1918.0,1978.0
2025-04-09T12:57:12.515710,615234204,368238027,69.0,91.0
2025-04-09T12:57:13.517934,615234204,368238027,0.0,0.0
2025-04-09T12:57:14.520142,615236080,368239943,1876.0,1916.0
2025-04-09T12:57:15.522529,615236080,368239943,0.0,0.0
2025-04-09T12:57:16.524860,615236080,368239943,0.0,0.0
2025-04-09T12:57:17.527219,615306820,368258692,70740.0,18749.0
2025-04-09T12:57:18.529576,615350627,368269950,43807.0,11258.0
2025-04-09T12:57:19.531911,615350926,368270136,299.0,186.0
2025-04-09T12:57:20.533420,615353291,368272507,2365.0,2371.0
2025-04-09T12:57:21.534480,615353966,368273008,675.0,501.0
2025-04-09T12:57:22.536395,615354033,368273099,67.0,91.0
2025-04-09T12:57:23.537580,615356642,368275622,2609.0,2523.0
2025-04-09T12:57:24.538522,615356688,368275622,46.0,0.0
2025-04-09T12:57:25.539579,615357144,368276084,456.0,462.0
2025-04-09T12:57:26.540575,615359020,368278000,1876.0,1916.0
2025-04-09T12:57:27.541471,615359087,368278173,67.0,173.0
2025-04-09T12:57:28.542671,615359129,368278173,42.0,0.0
2025-04-09T12:57:29.544592,615361137,368280261,2008.0,2088.0
2025-04-09T12:57:30.545707,615361137,368280261,0.0,0.0
2025-04-09T12:57:31.547513,615361137,368280261,0.0,0.0
2025-04-09T12:57:32.549338,615363013,368282177,1876.0,1916.0
2025-04-09T12:57:33.551201,615363080,368282268,67.0,91.0
2025-04-09T12:57:34.552405,615363080,368282268,0.0,0.0
2025-04-09T12:57:35.553458,615364956,368284184,1876.0,1916.0
2025-04-09T12:57:36.554683,615364956,368284184,0.0,0.0
2025-04-09T12:57:37.556430,615364956,368284184,0.0,0.0
2025-04-09T12:57:38.557569,615366832,368286100,1876.0,1916.0
2025-04-09T12:57:39.558534,615366952,368286195,120.0,95.0
2025-04-09T12:57:40.559492,615367220,368286650,268.0,455.0
2025-04-09T12:57:41.560523,615369297,368288748,2077.0,2098.0
2025-04-09T12:57:42.562162,615369406,368288839,109.0,91.0
2025-04-09T12:57:43.564469,615369406,368288839,0.0,0.0
2025-04-09T12:57:44.566608,615371349,368291081,1943.0,2242.0
2025-04-09T12:57:45.568607,615371349,368291316,0.0,235.0
2025-04-09T12:57:46.570165,615371349,368291551,0.0,235.0
2025-04-09T12:57:47.572082,615373292,368293793,1943.0,2242.0
2025-04-09T12:57:48.574069,615373292,368293793,0.0,0.0
2025-04-09T12:57:49.576215,615373292,368293793,0.0,0.0
2025-04-09T12:57:50.577462,615391761,368318788,18469.0,24995.0
2025-04-09T12:57:51.579295,615391761,368318788,0.0,0.0
2025-04-09T12:57:52.580531,615391761,368318788,0.0,0.0
2025-04-09T12:57:53.582094,615393704,368320795,1943.0,2007.0
2025-04-09T12:57:54.583620,615393704,368320795,0.0,0.0
2025-04-09T12:57:55.584481,615393704,368320795,0.0,0.0
2025-04-09T12:57:56.585421,615395580,368322711,1876.0,1916.0
2025-04-09T12:57:57.586639,615395580,368322711,0.0,0.0
2025-04-09T12:57:58.588491,615395580,368322711,0.0,0.0
2025-04-09T12:57:59.589606,615397456,368324627,1876.0,1916.0
2025-04-09T12:58:00.591433,615397576,368324813,120.0,186.0
2025-04-09T12:58:01.592464,615397911,368325177,335.0,364.0
2025-04-09T12:58:02.594260,615399921,368327275,2010.0,2098.0
2025-04-09T12:58:03.596340,615400249,368327538,328.0,263.0
2025-04-09T12:58:04.598226,615400249,368327538,0.0,0.0
2025-04-09T12:58:05.600053,615409235,368329607,8986.0,2069.0
2025-04-09T12:58:06.601468,615411905,368329755,2670.0,148.0
2025-04-09T12:58:07.603272,615411905,368329755,0.0,0.0
2025-04-09T12:58:08.605079,615413848,368331762,1943.0,2007.0
2025-04-09T12:58:09.606898,615413848,368331762,0.0,0.0
2025-04-09T12:58:10.608709,615413914,368331848,66.0,86.0
2025-04-09T12:58:11.610529,615415790,368333764,1876.0,1916.0
2025-04-09T12:58:12.611457,615415790,368333764,0.0,0.0
2025-04-09T12:58:13.612467,615415790,368333764,0.0,0.0
2025-04-09T12:58:14.613466,615417865,368335943,2075.0,2179.0
2025-04-09T12:58:15.615282,615417865,368335943,0.0,0.0
2025-04-09T12:58:16.616475,615417865,368335943,0.0,0.0
2025-04-09T12:58:17.618291,615427727,368340706,9862.0,4763.0
2025-04-09T12:58:18.620103,615427769,368340706,42.0,0.0
2025-04-09T12:58:19.621914,615427811,368340706,42.0,0.0
2025-04-09T12:58:20.623723,615429729,368342622,1918.0,1916.0
2025-04-09T12:58:21.625546,615430092,368342990,363.0,368.0
2025-04-09T12:58:22.627348,615430624,368343526,532.0,536.0
2025-04-09T12:58:23.628403,615432609,368345533,1985.0,2007.0
2025-04-09T12:58:24.629588,615432651,368345533,42.0,0.0
2025-04-09T12:58:25.630622,615432760,368345624,109.0,91.0
2025-04-09T12:58:26.631488,615434678,368347540,1918.0,1916.0
2025-04-09T12:58:27.632483,615434678,368347540,0.0,0.0
2025-04-09T12:58:28.633671,615434745,368347631,67.0,91.0
2025-04-09T12:58:29.635657,615436621,368349547,1876.0,1916.0
2025-04-09T12:58:30.637679,615436663,368349547,42.0,0.0
2025-04-09T12:58:31.639492,615436705,368349547,42.0,0.0
2025-04-09T12:58:32.641321,615438623,368351463,1918.0,1916.0
2025-04-09T12:58:33.642616,615438665,368351463,42.0,0.0
2025-04-09T12:58:34.644438,615438707,368351463,42.0,0.0
2025-04-09T12:58:35.645462,615440692,368353470,1985.0,2007.0
2025-04-09T12:58:36.646509,615448060,368360880,7368.0,7410.0
2025-04-09T12:58:37.647537,615448060,368360880,0.0,0.0
2025-04-09T12:58:38.649325,615449936,368362796,1876.0,1916.0
2025-04-09T12:58:39.650477,615449936,368362796,0.0,0.0
2025-04-09T12:58:40.652498,615449978,368362796,42.0,0.0
2025-04-09T12:58:41.654620,615452041,368364898,2063.0,2102.0
2025-04-09T12:58:42.656587,615452418,368365353,377.0,455.0
2025-04-09T12:58:43.658418,615452485,368365444,67.0,91.0
2025-04-09T12:58:44.660285,615454428,368367451,1943.0,2007.0
2025-04-09T12:58:45.661677,615454495,368367542,67.0,91.0
2025-04-09T12:58:46.663526,615454495,368367542,0.0,0.0
2025-04-09T12:58:47.665558,615456413,368369458,1918.0,1916.0
2025-04-09T12:58:48.667719,615456509,368369458,96.0,0.0
2025-04-09T12:58:49.669499,615456618,368369549,109.0,91.0
2025-04-09T12:58:50.671379,615465048,368380719,8430.0,11170.0
2025-04-09T12:58:51.672489,615465048,368380719,0.0,0.0
2025-04-09T12:58:52.673620,615471931,368387801,6883.0,7082.0
2025-04-09T12:58:53.674565,615473807,368389717,1876.0,1916.0
2025-04-09T12:58:54.675667,615473849,368389717,42.0,0.0
2025-04-09T12:58:55.677481,615474132,368390042,283.0,325.0
2025-04-09T12:58:56.678597,615476050,368391958,1918.0,1916.0
2025-04-09T12:58:57.679648,615476050,368391958,0.0,0.0
2025-04-09T12:58:58.680659,615476050,368391958,0.0,0.0
2025-04-09T12:58:59.682512,615479370,368395318,3320.0,3360.0
2025-04-09T12:59:00.683594,615479454,368395380,84.0,62.0
2025-04-09T12:59:01.684524,615479496,368395380,42.0,0.0
