timestamp,rx_bytes,tx_bytes,rx_rate_bps,tx_rate_bps
2025-03-25T10:46:56.722435,880151970,374291974,19104.0,19144.0
2025-03-25T10:46:57.723232,880153746,374293684,1776.0,1710.0
2025-03-25T10:46:58.724267,880153883,374293684,137.0,0.0
2025-03-25T10:46:59.725856,880154929,374294728,1046.0,1044.0
2025-03-25T10:47:00.727458,880155927,374295686,998.0,958.0
2025-03-25T10:47:01.729048,880156004,374295686,77.0,0.0
2025-03-25T10:47:02.730769,880157002,374296644,998.0,958.0
2025-03-25T10:47:03.732250,880157940,374297602,938.0,958.0
2025-03-25T10:47:04.733367,880158332,374297664,392.0,62.0
2025-03-25T10:47:05.734242,880159483,374298622,1151.0,958.0
2025-03-25T10:47:06.735813,880160694,374299580,1211.0,958.0
2025-03-25T10:47:07.737651,880160984,374299580,290.0,0.0
2025-03-25T10:47:08.739423,880161982,374300538,998.0,958.0
2025-03-25T10:47:09.740964,880162920,374301496,938.0,958.0
2025-03-25T10:47:10.742279,880163057,374301496,137.0,0.0
2025-03-25T10:47:11.743963,880163995,374302454,938.0,958.0
2025-03-25T10:47:12.745261,880164993,374303412,998.0,958.0
2025-03-25T10:47:13.746935,880165070,374303412,77.0,0.0
2025-03-25T10:47:14.748629,880166068,374304370,998.0,958.0
2025-03-25T10:47:15.750167,880167006,374305328,938.0,958.0
2025-03-25T10:47:16.751796,880167143,374305328,137.0,0.0
2025-03-25T10:47:17.753410,880168081,374306286,938.0,958.0
2025-03-25T10:47:18.755034,880169079,374307244,998.0,958.0
2025-03-25T10:47:19.756630,880169156,374307244,77.0,0.0
2025-03-25T10:47:20.758200,880170154,374308202,998.0,958.0
2025-03-25T10:47:21.760049,880171092,374309160,938.0,958.0
2025-03-25T10:47:22.761340,880171229,374309160,137.0,0.0
2025-03-25T10:47:23.762327,880172167,374310118,938.0,958.0
2025-03-25T10:47:24.763173,880173165,374311076,998.0,958.0
2025-03-25T10:47:25.764201,880173242,374311076,77.0,0.0
2025-03-25T10:47:26.765307,880174240,374312034,998.0,958.0
2025-03-25T10:47:27.766243,880175264,374312992,1024.0,958.0
2025-03-25T10:47:28.767162,880175401,374312992,137.0,0.0
2025-03-25T10:47:29.768214,880184878,374317320,9477.0,4328.0
2025-03-25T10:47:30.769262,880185876,374318278,998.0,958.0
2025-03-25T10:47:31.770202,880185953,374318278,77.0,0.0
2025-03-25T10:47:32.771295,880186951,374319236,998.0,958.0
2025-03-25T10:47:33.772991,880187889,374320194,938.0,958.0
2025-03-25T10:47:34.774635,880188248,374320366,359.0,172.0
2025-03-25T10:47:35.776270,880189186,374321324,938.0,958.0
2025-03-25T10:47:36.777181,880190226,374322344,1040.0,1020.0
2025-03-25T10:47:37.778767,880190303,374322344,77.0,0.0
2025-03-25T10:47:38.780357,880191301,374323302,998.0,958.0
2025-03-25T10:47:39.781991,880192239,374324260,938.0,958.0
2025-03-25T10:47:40.783651,880192376,374324260,137.0,0.0
2025-03-25T10:47:41.785285,880193314,374325218,938.0,958.0
2025-03-25T10:47:42.786908,880194312,374326176,998.0,958.0
2025-03-25T10:47:43.788480,880195218,374326480,906.0,304.0
2025-03-25T10:47:44.789304,880196216,374327438,998.0,958.0
2025-03-25T10:47:45.790132,880197204,374328396,988.0,958.0
2025-03-25T10:47:46.791705,880197395,374328396,191.0,0.0
2025-03-25T10:47:47.793200,880198387,374329354,992.0,958.0
2025-03-25T10:47:48.795000,880199455,374330312,1068.0,958.0
2025-03-25T10:47:49.796809,880199455,374330312,0.0,0.0
2025-03-25T10:47:50.798486,880200453,374331352,998.0,1040.0
2025-03-25T10:47:51.800201,880201487,374332310,1034.0,958.0
2025-03-25T10:47:52.801122,880201624,374332310,137.0,0.0
2025-03-25T10:47:53.802249,880202562,374333268,938.0,958.0
2025-03-25T10:47:54.803148,880203500,374334226,938.0,958.0
2025-03-25T10:47:55.804738,880203577,374334226,77.0,0.0
2025-03-25T10:47:56.806206,880204575,374335184,998.0,958.0
2025-03-25T10:47:57.807194,880205599,374336142,1024.0,958.0
2025-03-25T10:47:58.808253,880205736,374336142,137.0,0.0
2025-03-25T10:47:59.809225,880206674,374337100,938.0,958.0
2025-03-25T10:48:00.810721,880207672,374338058,998.0,958.0
2025-03-25T10:48:01.812190,880207749,374338058,77.0,0.0
2025-03-25T10:48:02.813194,880208747,374339016,998.0,958.0
2025-03-25T10:48:03.814180,880209685,374339974,938.0,958.0
2025-03-25T10:48:04.815293,880209762,374339974,77.0,0.0
2025-03-25T10:48:05.816979,880220254,374340932,10492.0,958.0
2025-03-25T10:48:06.818614,880221252,374341890,998.0,958.0
2025-03-25T10:48:07.820256,880221329,374341890,77.0,0.0
2025-03-25T10:48:08.821903,880222267,374342848,938.0,958.0
2025-03-25T10:48:09.823433,880223265,374343806,998.0,958.0
2025-03-25T10:48:10.824154,880223342,374343806,77.0,0.0
2025-03-25T10:48:11.825730,880224340,374344764,998.0,958.0
2025-03-25T10:48:12.827387,880225278,374345722,938.0,958.0
2025-03-25T10:48:13.828997,880225415,374345722,137.0,0.0
2025-03-25T10:48:14.830217,880226353,374346680,938.0,958.0
2025-03-25T10:48:15.831832,880227351,374347638,998.0,958.0
2025-03-25T10:48:16.833363,880227428,374347638,77.0,0.0
2025-03-25T10:48:17.834952,880228468,374348596,1040.0,958.0
2025-03-25T10:48:18.836499,880229448,374349554,980.0,958.0
2025-03-25T10:48:19.838085,880229881,374349554,433.0,0.0
2025-03-25T10:48:20.839154,880230861,374350512,980.0,958.0
2025-03-25T10:48:21.840751,880231943,374351470,1082.0,958.0
2025-03-25T10:48:22.842293,880232020,374351470,77.0,0.0
2025-03-25T10:48:23.843934,880233018,374352428,998.0,958.0
2025-03-25T10:48:24.845512,880233956,374353386,938.0,958.0
2025-03-25T10:48:25.846155,880234093,374353386,137.0,0.0
2025-03-25T10:48:26.847768,880235031,374354344,938.0,958.0
2025-03-25T10:48:27.849553,880236115,374355302,1084.0,958.0
2025-03-25T10:48:28.850275,880236192,374355302,77.0,0.0
2025-03-25T10:48:29.851260,880245168,374359099,8976.0,3797.0
2025-03-25T10:48:30.852298,880246106,374360057,938.0,958.0
2025-03-25T10:48:31.853255,880246243,374360057,137.0,0.0
2025-03-25T10:48:32.854452,880247181,374361015,938.0,958.0
2025-03-25T10:48:33.856090,880248179,374361973,998.0,958.0
2025-03-25T10:48:34.857653,880248443,374362207,264.0,234.0
2025-03-25T10:48:35.859345,880249441,374363165,998.0,958.0
2025-03-25T10:48:36.860451,880250379,374364123,938.0,958.0
2025-03-25T10:48:37.861353,880250516,374364123,137.0,0.0
2025-03-25T10:48:38.862117,880251454,374365081,938.0,958.0
2025-03-25T10:48:39.863161,880252452,374366039,998.0,958.0
2025-03-25T10:48:40.864133,880252529,374366039,77.0,0.0
2025-03-25T10:48:41.865205,880253527,374366997,998.0,958.0
2025-03-25T10:48:42.866137,880254465,374367955,938.0,958.0
2025-03-25T10:48:43.867177,880254602,374367955,137.0,0.0
2025-03-25T10:48:44.868362,880255540,374368913,938.0,958.0
2025-03-25T10:48:45.869224,880256538,374369871,998.0,958.0
2025-03-25T10:48:46.870840,880256615,374369871,77.0,0.0
2025-03-25T10:48:47.872465,880257613,374370829,998.0,958.0
2025-03-25T10:48:48.874078,880258551,374371787,938.0,958.0
2025-03-25T10:48:49.875635,880258730,374371787,179.0,0.0
2025-03-25T10:48:50.877214,880259668,374372745,938.0,958.0
2025-03-25T10:48:51.878856,880260666,374373703,998.0,958.0
2025-03-25T10:48:52.880570,880260743,374373703,77.0,0.0
2025-03-25T10:48:53.881109,880261741,374374661,998.0,958.0
2025-03-25T10:48:54.882650,880264431,374377371,2690.0,2710.0
2025-03-25T10:48:55.884789,880264610,374377371,179.0,0.0
