timestamp,rx_bytes,tx_bytes,rx_rate_bps,tx_rate_bps
2025-03-26T19:25:19.688192,1174216287,492110152,1936.0,1916.0
2025-03-26T19:25:20.689387,1174216364,492110152,77.0,0.0
2025-03-26T19:25:21.691253,1174217046,492111196,682.0,1044.0
2025-03-26T19:25:22.693410,1174218366,492112154,1320.0,958.0
2025-03-26T19:25:23.695166,1174218443,492112154,77.0,0.0
2025-03-26T19:25:24.696427,1174219441,492113112,998.0,958.0
2025-03-26T19:25:25.698162,1174220379,492114070,938.0,958.0
2025-03-26T19:25:26.699909,1174220516,492114070,137.0,0.0
2025-03-26T19:25:27.701321,1174221454,492115028,938.0,958.0
2025-03-26T19:25:28.703032,1174222452,492115986,998.0,958.0
2025-03-26T19:25:29.704381,1174230507,492118825,8055.0,2839.0
2025-03-26T19:25:30.705396,1174231505,492119783,998.0,958.0
2025-03-26T19:25:31.706455,1174232443,492120741,938.0,958.0
2025-03-26T19:25:32.708284,1174232520,492120741,77.0,0.0
2025-03-26T19:25:33.709446,1174233458,492121699,938.0,958.0
2025-03-26T19:25:34.711786,1174234618,492122829,1160.0,1130.0
2025-03-26T19:25:35.713996,1174234695,492122829,77.0,0.0
2025-03-26T19:25:36.715569,1174235693,492123787,998.0,958.0
2025-03-26T19:25:37.717554,1174236631,492124745,938.0,958.0
2025-03-26T19:25:38.719405,1174236768,492124745,137.0,0.0
2025-03-26T19:25:39.720414,1174237706,492125703,938.0,958.0
2025-03-26T19:25:40.722573,1174238644,492126661,938.0,958.0
2025-03-26T19:25:41.724777,1174238781,492126661,137.0,0.0
2025-03-26T19:25:42.726970,1174239719,492127619,938.0,958.0
2025-03-26T19:25:43.729080,1174240717,492128577,998.0,958.0
2025-03-26T19:25:44.730953,1174240794,492128577,77.0,0.0
2025-03-26T19:25:45.732416,1174241834,492129535,1040.0,958.0
2025-03-26T19:25:46.734280,1174242880,492130579,1046.0,1044.0
2025-03-26T19:25:47.736241,1174243059,492130579,179.0,0.0
2025-03-26T19:25:48.737996,1174243997,492131537,938.0,958.0
2025-03-26T19:25:49.739367,1174244995,492132495,998.0,958.0
2025-03-26T19:25:50.741270,1174245072,492132495,77.0,0.0
2025-03-26T19:25:51.742344,1174246112,492133515,1040.0,1020.0
2025-03-26T19:25:52.743354,1174247050,492134473,938.0,958.0
2025-03-26T19:25:53.744324,1174247187,492134473,137.0,0.0
2025-03-26T19:25:54.745384,1174248125,492135431,938.0,958.0
2025-03-26T19:25:55.746399,1174249123,492136389,998.0,958.0
2025-03-26T19:25:56.747623,1174249200,492136389,77.0,0.0
2025-03-26T19:25:57.749514,1174250198,492137347,998.0,958.0
2025-03-26T19:25:58.751668,1174251136,492138305,938.0,958.0
2025-03-26T19:25:59.753895,1174251273,492138305,137.0,0.0
2025-03-26T19:26:00.755552,1174252211,492139263,938.0,958.0
2025-03-26T19:26:01.756423,1174253149,492140221,938.0,958.0
2025-03-26T19:26:02.757405,1174253286,492140221,137.0,0.0
2025-03-26T19:26:03.758409,1174274064,492148783,20778.0,8562.0
2025-03-26T19:26:04.759564,1174320148,492158272,46084.0,9489.0
2025-03-26T19:26:05.760562,1174332753,492158898,12605.0,626.0
2025-03-26T19:26:06.761570,1174335806,492159856,3053.0,958.0
2025-03-26T19:26:07.762567,1174336744,492160814,938.0,958.0
2025-03-26T19:26:08.764667,1174336881,492160814,137.0,0.0
2025-03-26T19:26:09.766582,1174338263,492162030,1382.0,1216.0
2025-03-26T19:26:10.767644,1174339261,492162988,998.0,958.0
2025-03-26T19:26:11.769433,1174339392,492162988,131.0,0.0
2025-03-26T19:26:12.771577,1174340460,492163946,1068.0,958.0
2025-03-26T19:26:13.773813,1174341398,492164904,938.0,958.0
2025-03-26T19:26:14.775460,1174341589,492164904,191.0,0.0
2025-03-26T19:26:15.777372,1174342527,492165862,938.0,958.0
2025-03-26T19:26:16.779134,1174343579,492166820,1052.0,958.0
2025-03-26T19:26:17.780866,1174343874,492166820,295.0,0.0
2025-03-26T19:26:18.782542,1174345090,492167778,1216.0,958.0
2025-03-26T19:26:19.784235,1174346246,492168736,1156.0,958.0
2025-03-26T19:26:20.785452,1174346383,492168736,137.0,0.0
2025-03-26T19:26:21.786585,1174347321,492169694,938.0,958.0
2025-03-26T19:26:22.788601,1174348259,492170652,938.0,958.0
2025-03-26T19:26:23.790479,1174348396,492170652,137.0,0.0
2025-03-26T19:26:24.792574,1174349334,492171610,938.0,958.0
2025-03-26T19:26:25.794911,1174350332,492172568,998.0,958.0
2025-03-26T19:26:26.796821,1174350409,492172568,77.0,0.0
2025-03-26T19:26:27.799060,1174351407,492173526,998.0,958.0
2025-03-26T19:26:28.800931,1174352345,492174484,938.0,958.0
2025-03-26T19:26:29.802954,1174360460,492177323,8115.0,2839.0
2025-03-26T19:26:30.804582,1174362038,492178281,1578.0,958.0
2025-03-26T19:26:31.806465,1174363102,492179325,1064.0,1044.0
2025-03-26T19:26:32.808640,1174363179,492179325,77.0,0.0
2025-03-26T19:26:33.810834,1174364177,492180283,998.0,958.0
2025-03-26T19:26:34.813069,1174365379,492181573,1202.0,1290.0
2025-03-26T19:26:35.815304,1174365516,492181573,137.0,0.0
2025-03-26T19:26:36.816410,1174366454,492182531,938.0,958.0
2025-03-26T19:26:37.818227,1174367452,492183489,998.0,958.0
2025-03-26T19:26:38.819452,1174367529,492183489,77.0,0.0
2025-03-26T19:26:39.820562,1174368569,492184447,1040.0,958.0
2025-03-26T19:26:40.822849,1174369549,492185405,980.0,958.0
2025-03-26T19:26:41.825048,1174369686,492185405,137.0,0.0
2025-03-26T19:26:42.826806,1174370624,492186363,938.0,958.0
2025-03-26T19:26:43.828508,1174376946,492187321,6322.0,958.0
2025-03-26T19:26:44.829273,1174379775,492187321,2829.0,0.0
2025-03-26T19:26:45.830994,1174380713,492188279,938.0,958.0
2025-03-26T19:26:46.832871,1174381711,492189237,998.0,958.0
2025-03-26T19:26:47.834661,1174381788,492189237,77.0,0.0
2025-03-26T19:26:48.836456,1174382786,492190195,998.0,958.0
2025-03-26T19:26:49.837601,1174383724,492191153,938.0,958.0
2025-03-26T19:26:50.839447,1174383861,492191153,137.0,0.0
2025-03-26T19:26:51.841762,1174384799,492192111,938.0,958.0
2025-03-26T19:26:52.843618,1174385867,492193069,1068.0,958.0
2025-03-26T19:26:53.845750,1174385944,492193069,77.0,0.0
2025-03-26T19:26:54.847906,1174386942,492194027,998.0,958.0
2025-03-26T19:26:55.849533,1174387880,492194985,938.0,958.0
2025-03-26T19:26:56.850549,1174388017,492194985,137.0,0.0
2025-03-26T19:26:57.852602,1174388955,492195943,938.0,958.0
2025-03-26T19:26:58.854611,1174389953,492196901,998.0,958.0
2025-03-26T19:26:59.856870,1174390030,492196901,77.0,0.0
2025-03-26T19:27:00.859063,1174390968,492197859,938.0,958.0
2025-03-26T19:27:01.861268,1174391966,492198817,998.0,958.0
2025-03-26T19:27:02.863439,1174392043,492198817,77.0,0.0
2025-03-26T19:27:03.865392,1174393041,492199775,998.0,958.0
2025-03-26T19:27:04.867233,1174394033,492200733,992.0,958.0
2025-03-26T19:27:05.869059,1174409154,492206517,15121.0,5784.0
2025-03-26T19:27:06.870432,1174416688,492211103,7534.0,4586.0
2025-03-26T19:27:07.872620,1174465200,492218104,48512.0,7001.0
2025-03-26T19:27:08.874443,1174465277,492218104,77.0,0.0
2025-03-26T19:27:09.875316,1174466275,492219062,998.0,958.0
2025-03-26T19:27:10.877223,1174467255,492220082,980.0,1020.0
2025-03-26T19:27:11.878967,1174467392,492220082,137.0,0.0
2025-03-26T19:27:12.880349,1174468774,492221298,1382.0,1216.0
2025-03-26T19:27:13.882072,1174469772,492222256,998.0,958.0
2025-03-26T19:27:14.884024,1174469849,492222256,77.0,0.0
2025-03-26T19:27:15.885364,1174473375,492226126,3526.0,3870.0
2025-03-26T19:27:16.886401,1174473375,492226126,0.0,0.0
2025-03-26T19:27:17.888241,1174473512,492226126,137.0,0.0
2025-03-26T19:27:18.889643,1174474142,492226776,630.0,650.0
